,ImageId,PredictionString,NumCars,DetectedCars,TP,FP,FN,CSI
2675,ID_468e41ef5,28 0.144823 0.0180014 -3.08902 -0.120499 3.34355 10.9637 28 0.154888 0.0119258 -3.11297 3.14744 3.76343 12.6504 28 0.134747 -0.0106152 -3.087 3.14687 5.79462 25.1006 18 0.16626 0.204711 -3.09389 -5.31777 12.0707 64.2403 66 0.0593769 -3.10686 -3.1169 -7.35377 9.41137 51.6956 37 0.166975 -3.10365 -3.12566 -12.4423 5.73881 29.4973 20 0.113369 3.12573 -3.07795 -20.6435 6.90473 37.8942 35 0.170311 3.11026 3.13793 -20.6234 12.6877 71.4379 35 0.153755 -3.12237 -3.10633 -10.6888 9.0572 48.1004 46 0.154498 0.0950019 -3.13197 7.5576 14.172 72.6433 16 0.154888 -0.0206534 -3.11297 2.74599 2.28194 4.86035 16 0.166261 0.0110952 -3.09389 -0.105587 5.05235 22.5266 16 0.154498 -0.0389782 -3.13197 2.68613 8.31549 41.4124 16 0.16626 0.0411859 -3.09389 -0.299223 8.24492 42.0334 16 0.166977 -2.51893 -3.12566 -20.0549 9.36984 51.9349 46 0.170312 3.13907 3.13793 -26.6971 13.4494 79.2574 76 0.154705 -0.00891009 -3.13627 3.95049 15.261 80.1735 71 0.154619 -0.032778 -3.13419 3.69318 17.7496 96.0585,18,20,15,5,3,0.652
1368,ID_8ffd47631,16 0.195583 0.0114649 -3.06173 3.795 2.77729 7.38616 25 0.165492 3.13889 -3.07276 3.61318 3.72163 14.8945 28 0.166342 0.0621346 -3.09717 3.88267 5.60101 23.9578 50 0.162288 3.13409 3.06677 -9.17632 3.98928 17.1177 16 0.168407 3.13369 -3.13293 -8.18662 4.79463 22.7096 37 0.14119 -3.09334 -3.13108 -9.47856 8.28857 43.2959 37 0.049983 3.12188 3.14158 -5.495 15.918 94.6889 8 0.147372 3.05543 -3.07988 -8.01482 5.3757 27.6285 70 0.164578 0.0621972 -3.09097 4.53235 7.72268 35.7336 16 0.164578 0.220815 -3.09097 3.88871 21.4141 122.52,10,12,9,3,1,0.692
3764,ID_477fc4878,60 0.130704 -0.108802 -3.09392 1.09518 9.32671 47.6617 70 0.158619 0.0536777 -3.07895 7.53222 7.17789 33.8467 8 0.127533 0.0648451 -3.06329 14.0214 5.31359 21.2988 16 0.15856 0.120648 -3.08432 12.4794 6.12664 26.1842 51 0.180626 0.103835 -3.12925 22.1352 8.79276 39.7588 51 0.187591 -0.124954 -3.12214 27.295 12.6311 61.5592 25 0.255657 -0.742426 -3.06764 20.3454 10.3717 50.1721 28 0.130792 0.195027 -3.11425 13.9012 8.99903 42.2965 28 0.144818 0.158147 -3.09867 11.1666 12.86 66.8001 28 0.127243 -0.147207 -3.04408 -22.27 6.24889 35.2358 8 0.178947 -0.166297 -3.11484 -16.8242 6.48721 36.2925 19 0.164033 0.0021109 -3.08783 -8.74447 7.76805 42.0365 16 0.130704 -0.0573401 -3.09392 5.25995 14.7359 80.9793 61 0.130433 0.583308 -3.11258 24.0753 16.3061 83.3535 54 0.143112 0.180209 -3.09326 13.9079 13.7879 70.2475 46 0.164032 -0.0739555 -3.08783 -17.8667 17.3969 102.805,16,19,14,5,2,0.667
1392,ID_06117df9b,70 0.181471 0.00041336 -3.13654 -3.23934 3.76334 14.0415 28 0.129988 0.0288958 -3.0626 3.23725 4.46542 17.5905 9 0.258344 -0.962227 -3.08915 -36.0063 9.52617 55.4068 37 0.219969 -2.18166 3.12677 -31.6816 10.5175 65.5982 51 0.171865 -0.0183056 -3.09071 -34.0903 18.4687 113.079 61 0.270797 -2.35907 -3.13556 -23.3123 8.60566 52.8837 6 0.181519 0.00371661 3.13876 -3.10297 9.08665 49.4705 16 0.181519 0.079975 3.13876 -3.61506 12.9524 72.9228 46 0.181519 -0.184122 3.13876 -1.32224 25.6773 150.413 16 0.181519 -0.00919323 3.13876 1.97059 19.2293 110.084 16 0.181518 -0.0263901 3.13876 2.56919 10.8305 57.2101,11,11,9,2,2,0.692
3820,ID_1db0533c7,28 0.148914 -0.194995 -3.11894 4.21777 10.557 54.8931 16 0.148912 -1.87952 -3.11894 11.8727 8.29014 41.815,2,4,1,3,1,0.2
2512,ID_d3ea99883,37 0.138567 0.0271694 -3.12078 -3.20191 2.59614 8.07612 23 0.166201 -0.114394 -3.07854 -2.91404 4.5492 19.3405 70 0.112098 0.0843844 3.10251 13.9462 9.41648 49.0185 37 0.127998 0.0552943 3.09812 8.36948 8.22691 41.5009 66 0.0940465 0.0750087 3.09527 8.8304 10.0566 53.5541 70 0.161122 0.114424 -3.08763 5.47583 8.93241 46.2128 27 0.146755 -3.07969 3.11017 -28.5759 11.6205 70.0917 6 0.159045 -0.0288633 -3.08174 -0.0570788 4.5356 20.4817 76 0.112611 0.00162009 3.10402 13.6145 4.87488 19.9791 8 0.125745 0.125193 3.09196 12.3661 9.4835 51.2303 16 0.161122 -0.0238839 -3.08762 3.37908 9.51828 52.1914 51 0.144054 2.63876 3.09941 -38.8178 10.957 65.1817 2 0.14676 3.02654 3.11017 -23.8331 8.42439 50.0644 46 0.146753 2.95662 3.11017 -24.4996 12.0594 71.8028,14,20,11,9,3,0.478
3157,ID_f58d4b2ae,66 0.142329 0.0387005 -3.11459 0.719682 4.92673 20.8508 54 0.190276 0.16861 -3.1039 3.41801 8.26539 41.204 56 0.145997 0.0307972 -3.00339 0.302973 6.11711 30.2921 46 0.170773 3.09933 3.11296 -10.9152 13.4601 76.2732 70 0.137017 3.10402 3.1071 -7.50887 3.50645 14.0591 35 0.152961 -0.384521 -3.09997 6.58642 3.39459 9.45216 46 0.137017 -3.06525 3.1071 -14.899 6.98953 34.0344,7,11,7,4,0,0.636
3955,ID_a0e9954a3,37 0.15774 -3.107 -3.1377 -8.95085 5.55854 28.0278 71 0.11501 3.13511 3.0911 -10.0691 7.33792 38.2306 8 0.167451 3.09871 -3.13207 -9.12331 7.11214 39.7454 46 0.201983 3.08831 3.13153 -10.0611 9.95965 56.5736 28 0.141832 0.0180479 -3.07767 4.7168 9.56542 49.6562 31 0.123951 2.44843 3.08496 12.5073 9.81573 50.6974 28 0.167134 0.0129385 -3.05744 5.02656 3.94913 15.3377 51 0.177561 0.0340194 -3.07068 5.77062 3.54389 10.8697 46 0.20198 -3.10352 3.13153 -11.3469 10.2784 56.605 46 0.201976 -3.11549 3.13153 -10.9038 11.9507 68.1392 46 0.201979 -3.02937 3.13153 -6.94451 11.0839 64.6633 46 0.201982 -3.11483 3.13153 -6.1856 14.7291 87.0736 16 0.141832 -0.0804237 -3.07767 2.93432 9.31901 50.1924,13,18,12,6,1,0.632
992,ID_10b5390e6,51 0.188392 -0.0225069 -3.10038 -4.83189 5.51306 27.2556 28 0.137903 -0.0173843 -3.11026 -3.24039 7.1375 37.748 8 0.125856 -0.0255819 -3.06556 -24.2292 6.30832 38.6677 66 0.10627 -0.0357733 -3.05727 -25.4786 8.87343 54.4392 16 0.0964529 -0.0257213 -3.13442 -25.0834 11.7167 76.9812 46 0.137904 -0.256499 -3.11026 -2.26145 15.1708 92.4018 16 0.137904 -0.0417003 -3.11025 -4.42051 14.9484 92.6123 46 0.137904 -0.152853 -3.11026 7.61817 18.3036 111.887 16 0.137903 0.121599 -3.11026 6.63845 24.4781 154.439 16 0.106271 -0.0563338 -3.05728 -22.7944 7.088 45.4144 46 0.106271 0.190462 -3.05728 -18.7837 7.46505 46.225 46 0.0964529 -0.24785 -3.13442 -25.8466 14.948 97.8706 46 0.096453 -0.391891 -3.13442 -18.3062 12.8318 79.6898 46 0.0964529 -0.0596098 -3.13442 -28.2789 20.2562 132.815,14,20,11,9,3,0.478
2425,ID_06789fe13,35 0.152785 0.0430077 -3.10639 3.19835 2.93688 7.21136 66 0.12717 -0.021266 -3.06932 12.6742 5.98138 25.9509 37 0.0465305 0.0826174 3.09276 17.438 6.9116 30.0591 51 0.145302 0.0221394 -3.13227 16.5974 10.1197 48.529 35 0.129754 0.0168273 -3.09418 13.0144 10.6816 53.8896 9 0.153579 0.0556749 -3.06364 14.0425 13.6098 72.4898 35 0.217534 0.438663 -3.13507 -12.8454 10.5183 59.1028 27 0.0802905 3.13425 -3.03265 -18.3273 12.7436 75.3029 9 0.153702 3.1389 -3.10522 -20.2546 18.0702 107.621 46 0.145303 0.186181 -3.13227 15.9749 8.87678 40.1588 8 0.0853822 -3.09064 -3.03659 -25.6015 6.91304 39.9657 6 0.0774506 3.04489 -3.03063 -24.883 7.84435 45.007 6 0.0754438 -3.12624 -3.02925 -24.8109 8.51574 49.5495 47 0.153852 -3.107 -3.10587 -13.2064 14.0747 80.7662,14,20,10,10,4,0.417
4187,ID_7d9650bed,8 0.12879 1.61391 -3.10418 11.7858 4.80799 21.4507 37 0.134011 -3.08121 -3.08692 -3.65482 14.7775 91.8602 43 0.00202967 3.08736 -3.11328 -8.96758 16.7022 103.96 48 0.073808 1.52662 -3.10205 -30.4444 11.6152 74.4625 70 0.138326 3.12184 -3.13063 -3.91328 3.81468 17.0897 16 0.128797 -1.61088 -3.10418 11.8814 4.07764 14.7878 2 0.134013 2.22135 -3.08692 15.8615 13.0058 74.0649 16 0.00202607 1.58324 -3.11328 -8.31436 9.61815 58.5574 16 0.134014 0.00130939 -3.08693 0.224305 3.37535 13.4093 16 0.134014 -0.0171091 -3.08692 14.4394 7.53971 38.2643,10,19,7,12,3,0.318
2129,ID_a114ff85e,28 0.163702 0.0111205 -3.11004 -3.06064 3.50138 13.1825 35 0.161695 0.023032 -3.09859 -13.0463 4.64901 23.8624 61 0.116031 -0.0548684 -3.0709 -17.2384 8.31513 50.0911 16 0.163702 0.0495235 -3.11005 -3.506 7.03341 37.6024 16 0.163702 -0.0744796 -3.11005 1.24703 10.8883 63.257 46 0.163702 -0.0744796 -3.11005 7.04572 16.7545 99.558,6,16,5,11,1,0.294
2939,ID_10de9f13f,31 0.181783 -0.034954 -3.04881 12.2834 5.3828 21.1943 66 0.160876 0.0336737 -3.07896 2.35919 5.88352 25.5043 28 0.158348 0.0102263 -3.07134 -3.55602 3.25678 11.2851 37 0.162418 3.0371 -3.1165 -13.44 4.8545 24.2175 27 0.175643 -3.08666 3.11837 -23.2505 5.95364 33.6755 23 0.202181 -3.07318 -3.09787 -26.8672 9.95347 57.619 46 0.160877 0.0507614 -3.07896 15.0771 12.773 62.5982 16 0.160877 0.0253404 -3.07895 9.72483 9.332 46.386 16 0.160876 -0.0396826 -3.07895 11.1316 11.6227 58.8779 2 0.160877 0.0340843 -3.07895 11.4457 12.9218 66.8831 6 0.161842 1.02793 -3.08151 11.1799 17.7571 93.3278 16 0.160877 0.0553056 -3.07896 -0.799108 10.2212 54.1926 46 0.160877 0.0727616 -3.07896 1.36614 13.0783 71.4208 16 0.202177 0.565453 -3.09787 -32.1931 10.4066 64.4144,14,17,9,8,5,0.409
2217,ID_5f6526a36,28 0.154686 0.279562 -3.05863 -1.61304 3.2453 10.8069 28 0.096247 0.400746 3.07404 -6.19473 2.88559 9.58913 35 0.148635 0.77831 -3.08674 -8.96579 5.05531 24.4038 18 0.132768 3.02841 -3.10304 -20.6256 12.4009 69.371 47 0.0990259 3.05081 -3.12979 -12.0833 12.1181 65.6996 47 0.132718 3.0346 -3.09502 -8.23925 12.1798 64.4399 12 0.304065 3.08382 -3.10689 -5.22147 11.0433 59.3138 43 0.133676 -3.00918 -3.08013 -2.95336 9.84666 51.0863 9 -0.183579 -1.94834 2.5174 414.744 689.119 3486.53 66 0.179637 -0.0450138 -3.11031 26.4461 13.9232 64.6343 16 0.148634 3.02866 -3.08674 -18.2798 7.83476 44.5356 46 0.0990224 3.01767 -3.12979 -13.8655 10.0007 55.6856 46 0.132718 3.06509 -3.09502 -11.2162 13.3449 73.3084 32 -0.548956 -0.561982 2.77964 519.834 667.847 3502.94 16 0.179635 -2.35576 -3.11031 14.6191 5.24778 18.3139 16 0.179637 -0.252889 -3.11032 25.9967 14.4774 68.8195 2 0.179637 -0.0228118 -3.11031 28.9144 17.1325 81.7606,17,20,15,5,2,0.682
3015,ID_80a5afc80,28 0.153588 0.0124551 -3.09265 -3.39338 6.73319 30.9064 16 0.153588 0.126712 -3.09265 -3.86909 9.40317 46.7877 61 0.153262 5.29197e-05 -3.09163 -4.75659 26.9968 145.035,3,8,3,5,0,0.375
183,ID_906f44587,35 0.160274 0.133522 -3.07411 5.19704 3.62033 11.1053 28 0.155316 0.168587 -3.08205 6.64711 6.4188 27.6556 40 0.161697 0.0214744 -3.10938 15.1422 7.11513 29.9112 46 0.221745 -1.68705 -3.03449 25.0106 8.90891 43.3555 46 0.377637 -1.64501 -3.05226 28.176 11.0465 54.7774 28 0.107862 -1.28697 -3.13896 25.0426 11.0734 56.7558 70 0.162479 -3.05916 -3.13176 -13.8254 5.24377 26.5573 37 0.134669 -3.02099 -3.13707 -14.0959 6.08708 31.9256 70 0.136638 -3.07787 -3.10319 -10.0374 5.51683 28.6056 60 0.140052 -3.04549 3.14136 -21.9039 14.9014 88.8784 46 0.14857 3.13606 -3.08366 -30.9901 17.6659 106.698 9 0.194048 3.08578 -3.06523 -45.7187 22.7198 144.428 46 0.184717 -3.10574 -3.08712 -28.4655 22.3348 137.706 28 0.122685 -3.07045 -3.03478 -33.8736 23.806 148.176 46 0.0512666 -1.17722 3.05961 41.2785 19.2357 101.799 66 0.0920429 -0.898998 3.024 43.4743 21.5607 114.858 60 0.230125 -1.25176 -3.05423 36.3099 10.6812 49.2775 70 0.23406 -1.1389 -3.06559 33.3234 10.5655 48.6546 46 0.23406 -1.48731 -3.06559 28.552 9.32028 44.2252 16 0.22175 -1.56138 -3.03448 23.4237 8.25143 38.7726 16 0.107863 -1.35115 -3.13897 26.2993 11.0843 56.0123 16 0.162476 -3.02685 -3.13176 -10.3521 2.91794 13.7588 70 0.162775 -3.07759 3.1413 -19.9754 5.96789 30.1179 46 0.16277 -2.77603 3.1413 -17.1651 5.55539 30.7538,24,20,14,6,10,0.467
463,ID_6ee33cb3b,37 0.163549 0.00516058 -3.07383 -3.43538 4.46008 19.1376 16 0.163549 -0.0312086 -3.07384 -6.88289 6.20164 31.6907 16 0.163548 0.0174781 -3.07384 -3.86006 7.25452 37.1863 16 0.163549 0.00613561 -3.07384 -0.544837 8.93885 45.9602 16 0.163549 0.0406813 -3.07384 -7.62127 9.18926 49.7538 16 0.163549 0.0759718 -3.07383 -8.72998 12.0103 66.922 16 0.163549 0.121442 -3.07384 -4.84634 10.8569 58.6261 16 0.163549 0.0459005 -3.07384 -3.34565 11.6263 64.3391 9 0.160698 -0.301228 -3.06728 -14.6253 28.7011 165.357 2 0.163549 0.0153875 -3.07384 -10.7291 25.593 151.885 16 0.163549 -0.00592402 -3.07384 12.2604 9.6208 45.0434 2 0.163549 0.053341 -3.07383 12.268 5.2778 19.3044 2 0.163549 -0.000344073 -3.07383 10.6338 5.9283 21.7891,13,16,9,7,4,0.45
2314,ID_571d5befc,19 0.188113 0.00643444 -3.10739 6.05537 7.4419 33.8249 28 0.156569 -0.00764931 -3.07118 5.74554 8.92265 43.4007 54 0.151206 3.0744 3.11679 -4.94696 3.76333 13.7701 2 0.15657 0.0998065 -3.07117 0.231613 6.90738 35.0786 16 0.156569 0.0233344 -3.07117 2.30784 8.08319 40.3227 70 0.148773 -3.07457 3.10485 -4.1815 2.14362 5.42385 16 0.15121 -3.09345 3.11679 -3.73439 4.15613 18.8956 71 0.151128 3.10062 3.11629 -8.56818 5.95216 27.5179 46 0.151212 -3.138 3.11679 -4.49019 5.47721 27.1479,9,17,7,10,2,0.368
3587,ID_0ea9bc3a5,35 0.161862 -2.84982 -3.11465 -4.18193 11.1186 61.5108 14 0.189739 3.10358 3.12599 -6.40801 11.01 63.3734 2 0.161865 1.64814 -3.11465 6.74329 13.8782 79.4041 2 0.161863 -1.96568 -3.11464 17.6204 16.1711 90.305 16 0.161862 0.00536654 -3.11464 1.85511 11.5149 63.9057 2 0.161862 -0.0207056 -3.11464 -1.24126 13.9645 79.9563 46 0.161862 0.196965 -3.11465 -1.68853 19.1668 113.523 16 0.189744 3.06131 3.12599 -8.25404 13.2899 78.6633,8,8,5,3,3,0.455
2999,ID_f4ebdd200,70 0.147496 0.032016 -3.12978 13.5701 6.0909 23.0559 28 0.178741 0.00874732 -3.09606 12.6371 6.56167 26.8634 8 0.167856 0.0391868 -3.0742 11.7261 8.10778 38.3284 50 0.162527 -0.00475768 -3.09211 12.2167 9.57821 46.3687 19 0.146193 0.00561234 -3.08735 -3.08352 6.23045 29.266 48 0.0880719 -3.11983 -3.11125 -32.5195 12.654 72.6071 2 0.162527 0.0372453 -3.09211 12.8754 14.0772 75.753 16 0.162527 0.0786493 -3.0921 8.12352 12.3851 64.8199,8,20,7,13,1,0.333
3852,ID_d5858f18d,70 0.157014 3.08052 -3.14045 -26.2591 14.3489 81.3943 51 0.154049 3.08611 3.07258 -24.353 14.3269 81.7398 27 0.187121 -3.12306 3.10319 -24.1748 15.541 88.1363 27 0.192345 3.06743 3.00941 -23.9344 16.5159 93.4886 28 0.158297 -0.0311376 -3.07872 -2.87041 7.08599 34.0203 70 0.189051 -0.0130472 -3.05919 14.1401 6.74933 26.3928 70 0.131072 -0.0713725 3.07456 11.3872 6.09571 26.6572 70 0.149071 -0.0319454 -3.02325 8.75066 11.0068 55.0735 8 0.189431 3.03619 3.00524 -20.8755 15.195 87.0517 16 0.189051 0.00442301 -3.05918 11.0034 4.59657 16.0162 46 0.131072 0.000681907 3.07457 11.5551 7.78835 36.3148 70 0.195385 -1.74232 -3.0758 24.5492 7.74505 32.6167 46 0.195385 -1.32194 -3.07579 29.4003 9.96966 43.9864,13,18,10,8,3,0.476
3455,ID_4da08fb8a,16 0.170057 0.0511175 -3.10763 -4.062 2.71661 8.88855 71 0.217251 -0.00836002 3.10677 -5.84847 7.37966 36.7799 66 0.130481 -3.10836 3.1158 -17.0579 6.87989 32.4604 16 0.217251 0.00921774 3.10677 -6.99333 15.2295 89.7641 46 0.217248 3.11328 3.10677 -19.0113 12.0618 66.4407 2 0.217251 0.0234591 3.10677 -8.60718 24.1222 146.461,6,11,6,5,0,0.545
1420,ID_9c1657dc8,28 0.157307 0.201378 -3.08733 -3.85036 3.30362 11.6671 28 0.112392 0.457184 -3.07878 -7.7501 4.7244 23.1323 47 0.152413 2.80608 3.13696 -26.8726 9.00935 54.0075 28 0.134521 0.0845461 -3.11274 -0.501337 4.02985 16.2976 47 0.11456 -2.36715 -3.08971 -0.579648 8.62952 43.639 31 0.171035 -1.6952 -3.07088 6.61987 10.4839 54.2948 70 0.179783 -0.0173406 -3.11638 22.7107 17.0496 89.3 28 0.132866 0.0137674 -3.11276 21.1714 14.7796 75.7389 46 0.157307 -0.0950103 -3.08733 -3.91072 2.90536 7.04757 46 0.134521 -0.00486149 -3.11273 -0.378351 3.03657 8.73031 46 0.114559 -0.193723 -3.08971 0.340941 22.2621 131.395 16 0.114559 0.0645868 -3.08971 3.58889 19.279 111.058 16 0.114558 0.0657544 -3.08971 6.77361 22.8987 132.176 54 0.120784 0.72989 -3.07907 4.59223 4.85975 11.5122 70 0.118788 -1.62839 -3.10036 -1.56224 9.77108 54.0239 16 0.157307 0.242473 -3.08733 -4.67815 3.77458 16.1319,16,20,12,8,4,0.5
401,ID_951b9f1be,37 0.133356 -3.09278 3.13914 -8.82505 3.62156 13.9685 37 0.15252 -3.12862 -3.0883 -9.02792 6.59799 31.7983 27 0.173997 -3.12438 -3.12274 -9.24007 7.56848 37.546 14 0.168567 3.09692 3.12163 -6.43685 8.75515 45.5907 61 0.112537 0.0574675 -3.07299 5.06907 4.86703 20.2748 2 0.152512 -3.11085 -3.0883 -9.68169 5.7744 27.0123 16 0.112537 0.0348439 -3.07299 5.13492 4.15729 14.925 6 0.112399 0.0137767 -3.07277 4.89602 7.11967 32.473 2 0.1124 0.0825816 -3.07277 5.50614 11.9174 60.2657 16 0.1124 0.0425444 -3.07277 -1.79076 15.026 81.4069 71 0.109044 0.000613474 -3.06756 5.51483 9.34515 44.9114,11,14,10,4,1,0.667
1737,ID_fd8b62447,43 0.0819384 -3.08216 -3.06497 -18.0469 9.85662 55.8696 14 0.239417 0.583643 3.13636 -24.7931 13.7532 84.751 6 0.0772875 3.06028 -3.06028 -33.298 11.3465 67.8827 16 0.239416 3.00908 3.13635 -2.34316 17.1192 101.18,4,4,2,2,2,0.333
2304,ID_05ac02572,28 0.193972 0.0247563 -3.11848 -3.03206 3.67706 14.3009 70 0.154612 0.011971 -3.10621 -23.2557 8.22553 47.9629 71 0.160451 -0.0306741 -3.13888 -15.1772 10.2779 58.4518 9 0.107024 -0.223113 -3.0839 -23.8994 8.9357 54.9738 16 0.193972 -0.0366161 -3.11848 -0.544932 6.06978 28.0139 6 0.193927 -0.0982322 -3.1181 -0.65383 11.7399 64.9733 46 0.193927 -0.0897926 -3.1181 -5.03072 17.9827 100.139 2 0.160451 -0.0338027 -3.13888 -16.4882 12.7008 79.6828 16 0.160451 -0.021775 -3.13889 -25.3901 16.4674 103.167 46 0.160451 0.134779 -3.13888 -20.8154 20.6386 128.954 46 0.160451 -0.316285 -3.13889 -16.1898 20.3051 129.155 2 0.16045 0.11636 -3.13888 -18.437 25.7865 170.519,12,15,8,7,4,0.421
314,ID_78e70b9e1,66 0.171469 0.044309 -3.11443 3.06508 9.07174 45.2117 2 0.171469 -0.036361 -3.11442 6.46592 21.224 119.79 46 0.171474 2.96652 -3.11442 -17.2708 6.84627 34.6365 16 0.171469 3.10021 -3.11443 -18.7417 10.9032 58.1452,4,5,1,4,3,0.125
235,ID_f31750d23,61 0.172852 -0.138247 -3.0989 -0.135995 6.98614 33.258 28 0.162878 0.00180066 -3.04912 2.69363 8.11492 39.7933 51 0.106881 -0.24214 -3.09126 4.67483 12.5122 67.6425 8 0.139517 -0.0664029 -3.00229 11.7205 5.4593 22.1945 18 0.165796 -0.0577746 -3.07629 12.2008 6.69002 29.0616 40 0.267971 -0.213902 3.1263 12.9461 7.83434 35.2165 28 0.127745 0.0350134 -3.13174 12.2639 8.72289 41.2293 61 0.133654 -0.0356317 -3.13327 11.5618 9.42222 47.2499 51 0.106709 3.09336 -3.12029 -11.6204 8.93695 50.5011 28 0.160823 -3.01086 -3.14111 -27.6339 17.6386 107.086 46 0.165796 0.224772 -3.0763 4.08381 3.57934 8.85143 16 0.106881 -0.123709 -3.09127 3.62972 14.1701 78.6755 16 0.172853 0.0370111 -3.0989 -4.443 11.2986 64.6502 2 0.139517 0.966209 -3.00229 18.7603 7.82369 28.8585 16 0.106881 -0.328179 -3.09126 8.21144 12.5158 67.2836 8 0.160819 -3.05151 -3.14007 -25.7259 8.2565 49.0097 2 0.160812 -3.05978 -3.14007 -26.9103 9.06682 54.7177 2 0.160813 3.14088 -3.14007 -26.2998 9.41331 57.4086 2 0.160816 -3.01942 -3.14007 -22.2901 6.47007 39.0347,19,20,10,10,9,0.345
846,ID_07327319c,37 0.205778 -2.03614 3.10168 10.1577 4.03297 12.0932 46 0.120203 3.00739 -3.08904 -12.9493 6.56949 34.787 9 0.119107 -3.08548 -3.13074 -7.46156 5.23047 26.662 28 0.168542 -3.12577 -3.09794 -8.17347 10.1895 55.2083 16 0.120202 3.13766 -3.08904 -9.24204 2.88107 11.9334 2 0.168543 -3.14051 -3.09794 -7.27763 11.4552 64.7404 46 0.168542 0.869529 -3.09794 1.95965 22.6359 128.698,7,5,2,3,5,0.2
2555,ID_503a3d381,66 0.166942 0.0037545 -3.10203 -3.54916 5.52173 26.9126 28 0.132337 0.0353445 -3.06891 -14.4575 6.1975 34.7549 40 0.112908 0.0705512 -3.0448 -23.7643 7.8828 50.6475 61 0.145844 -0.0484295 -3.07109 -19.7532 8.57904 53.3329 70 0.144628 -0.0275039 -3.04922 -28.2165 13.6421 87.0442 46 0.166942 0.0223275 -3.10204 -1.49697 13.386 76.7314 2 0.166942 -0.132225 -3.10204 -4.76908 10.7763 61.5719 16 0.144629 0.239541 -3.04922 -18.8868 12.5299 78.7117,8,16,8,8,0,0.5
1697,ID_5760c5a00,35 0.16276 -1.76609 -3.09561 -21.516 6.53854 38.4552 16 0.162758 -0.119335 -3.09561 5.89838 11.0323 61.845 2 0.162758 -0.181727 -3.09561 12.9146 15.8408 90.7907 16 0.162757 -0.168766 -3.09562 14.6187 18.5601 112.716 46 0.162757 -1.09932 -3.09562 14.7655 18.2363 112.796,5,20,3,17,2,0.136
4055,ID_4593c6b86,35 0.167039 3.13469 -3.11603 -11.2724 4.70743 21.0531 35 0.151542 -3.13839 3.12721 -10.4657 5.47484 26.233 8 0.144232 -3.13783 3.13685 -11.0088 8.25395 43.7145 40 0.138208 3.13372 -3.13348 -4.34697 12.9381 70.5009 35 0.1549 2.81914 -3.10998 -8.75576 13.063 70.7453 35 0.175126 0.049655 -3.12511 3.23639 10.854 55.2662 27 0.197661 -3.13709 3.12606 -12.3726 20.1989 115.641 37 0.188233 -1.53341 -3.12155 15.8528 5.59121 23.9413 2 0.144228 3.11153 3.13685 -8.57907 6.79918 37.446 16 0.167034 1.11406 -3.11604 -25.4575 6.34577 36.2137 16 0.151544 0.63145 3.1272 -18.5746 7.19949 41.2993 16 0.175126 -0.0972314 -3.12511 2.96791 12.7881 67.7859 47 0.197822 -3.13998 3.12822 -10.0638 21.4263 121.728 16 0.188236 -1.47887 -3.12156 11.9135 5.2749 24.3036 46 0.175125 -1.62567 -3.12511 14.1434 11.7369 63.9611,15,15,11,4,4,0.579
1032,ID_b28e4dae7,66 0.190597 -2.27329 -3.06798 10.0656 7.10643 33.0062 35 0.15084 -2.89212 -3.08283 1.23466 9.45784 50.6935 28 0.170792 0.242166 -3.08501 -5.51314 8.64891 46.5387 35 0.160016 0.15068 -3.11529 -1.98302 6.04438 29.3538 40 0.131111 0.108468 -3.09201 -0.400409 4.65706 19.6365 51 0.205032 0.108498 -3.10499 -4.08913 4.04638 17.4551 28 0.135325 0.659062 -3.10394 -18.4308 11.1706 66.167 9 0.173725 2.54124 -3.12909 -24.0248 10.8737 67.7844 70 0.0535296 1.43665 -3.08226 -36.9623 11.751 75.8833 16 0.190597 -1.92804 -3.06798 18.311 6.6016 27.0258 2 0.150841 -2.69186 -3.08283 5.37838 8.51693 42.9844 2 0.150837 0.401872 -3.08283 21.6815 22.1298 122.133 16 0.15084 -2.94481 -3.08283 -0.884033 10.2741 56.7166 16 0.170792 0.32523 -3.08501 -8.50929 8.89685 50.1697,14,20,12,8,2,0.545
2442,ID_899f68208,12 0.140221 0.090737 -3.08704 3.14618 3.50191 13.3995 28 0.148758 0.0215624 -3.11979 3.60729 6.36484 29.7818 6 0.142223 -3.10591 -3.10846 -7.17434 6.57909 34.6734 66 0.141719 3.13463 -3.12393 -7.79691 3.99465 17.184 16 0.140222 0.104243 -3.08703 28.095 12.1471 51.6197 16 0.148758 -0.0197848 -3.11979 -1.40494 10.0867 59.4114,6,11,6,5,0,0.545
1436,ID_d8f37de33,35 0.135527 -3.12614 3.13939 -8.4853 3.58637 14.8738 8 0.171545 3.11115 3.12818 -8.35058 4.11915 20.1779 35 0.151787 -3.05705 3.13882 -8.93061 5.59033 27.9544 12 0.174233 3.0824 -3.11951 -8.05667 5.79049 30.9778 71 0.173989 -3.10355 -3.13491 -5.15953 6.2336 31.9052 43 0.10463 -3.1017 -3.09451 -4.31402 8.65554 47.8633 35 0.14401 2.45376 -3.13641 13.5031 6.76153 30.9816 28 0.160374 -0.0203539 -3.06317 5.52343 6.43708 29.4655 16 0.17424 -3.00092 -3.11951 -9.01191 7.36545 39.8593 16 0.160374 -0.102519 -3.06317 3.64643 6.42142 31.574 16 0.160374 0.101904 -3.06318 5.12602 8.04143 40.6779 16 0.171547 0.133621 3.12817 -30.1894 11.1532 73.2872,12,19,11,8,1,0.55
3363,ID_e14dc9090,35 0.160162 -3.09244 -3.12668 -8.45675 4.55574 21.4563 71 0.123506 3.11702 3.10944 -9.84653 6.47872 32.0966 8 0.173476 3.10457 -3.12624 -8.84034 6.38212 34.1583 8 0.168555 3.10548 -3.10572 -8.72048 8.16214 45.5361 43 0.0718826 -3.12485 -3.12721 -10.9268 15.8483 94.0589 19 0.136206 -3.12162 3.141 -6.46326 16.6933 101.379 9 0.0848192 0.0185219 -3.03876 1.19815 11.719 68.0486 35 0.134112 0.0624211 -3.03327 4.75327 10.4985 54.7627 28 0.16005 -0.0137103 -3.05582 5.19658 9.02443 44.6515 76 0.108503 0.0497142 -3.06546 4.69754 4.81787 20.6265 28 0.150883 0.0154801 -3.07501 5.30327 3.2791 10.6615 50 0.239774 0.0241744 -3.06822 -38.0525 15.5752 99.706 12 0.157796 -2.90132 -3.13547 -32.4485 11.9624 79.5444 16 0.168547 -3.09295 -3.10572 -8.98967 7.64861 40.8301 46 0.168553 -3.14121 -3.10572 -11.4278 12.3234 68.419 46 0.168554 -3.1037 -3.10572 -11.401 12.9667 73.0079 46 0.0718834 3.11842 -3.12721 -12.8078 21.1106 126.705,17,20,15,5,2,0.682
1121,ID_ad0b4b072,71 0.145862 -0.0458188 -3.10295 -3.76934 5.26765 24.9068 66 0.139913 -0.0212214 -3.13617 -3.55196 7.70267 41.7673 28 0.123818 -0.0253549 -3.06668 -23.3938 7.93367 48.7072 9 0.0850913 -0.045437 -3.14006 -30.661 11.9586 85.1358 8 0.0862691 3.01952 -3.08966 -67.0207 12.0668 94.1777 71 0.139757 0.403692 -3.13303 -1.38567 11.9721 74.7889 16 0.139757 -0.00619004 -3.13304 -0.566105 13.614 92.0751 46 0.139912 0.442557 -3.13617 -4.99426 11.4903 70.5658 16 0.139913 -0.0419194 -3.13617 -3.18296 11.8907 79.0402,9,13,8,5,1,0.571
3855,ID_84a933419,7 0.122809 -0.0567633 -3.06532 -5.94309 4.15906 20.9493 70 0.174596 0.0330452 -3.07229 -3.90557 6.03659 31.1837 6 0.1289 0.0014477 -3.02899 -14.1184 6.78828 39.9921 71 0.155297 -0.0193507 -3.11049 -17.2525 9.54523 61.1404 51 0.154515 -0.0142431 -3.09571 -21.7671 13.3742 87.529 16 0.174596 0.0381092 -3.07229 -0.89277 6.22121 31.6493 16 0.174596 0.0639027 -3.0723 -1.95612 8.03231 45.2989 46 0.174596 0.0708168 -3.07229 -16.1941 15.1357 99.2179 46 0.174595 -0.2182 -3.07229 -20.2569 22.9474 160.992 16 0.174596 -0.0575088 -3.07229 -14.9988 20.2363 137.901,10,9,6,3,4,0.462
2419,ID_d2ac994f2,61 0.158288 -0.0159742 -2.80214 -28.238 9.69358 40.6278 70 0.17714 -0.00148313 -3.09017 -31.3701 15.4984 66.18 9 0.120787 -0.1002 -3.03811 -25.3334 14.8863 63.9901 46 0.120787 -0.00369265 -3.03811 -11.2349 10.4557 39.8851 16 0.120787 0.0555341 -3.0381 -10.3604 18.0953 93.4492 16 0.158288 -0.183871 -2.80213 -25.8782 9.56214 34.707,6,13,5,8,1,0.357
715,ID_ce8688caa,66 0.167899 -0.0733725 -3.07837 4.13361 3.31574 10.0688 37 0.174444 0.00700869 -3.07251 5.90295 5.49502 21.8714 35 0.176926 -0.0159377 -3.03722 6.1139 6.84292 29.0809 2 0.175071 -3.11946 -3.13891 -9.34014 3.41217 15.6785 51 0.154659 3.05954 -3.05765 11.7427 5.2253 18.1508 16 0.176926 -0.083957 -3.03723 5.62712 7.12304 31.7609 16 0.176925 -0.307881 -3.03723 5.16415 7.92576 37.5662 16 0.176925 0.0171813 -3.03722 0.217014 5.3813 24.3567 16 0.176926 0.0114921 -3.03723 -1.98608 5.64551 26.7266 16 0.176926 0.221188 -3.03723 -2.89456 8.86207 45.77 46 0.176926 0.178045 -3.03723 -2.96123 11.4649 62.3989 46 0.167902 3.13995 -3.07837 12.7073 6.59345 26.9895 43 0.173498 3.0662 -3.07013 10.1399 6.39627 27.4855 16 0.167896 1.58996 -3.07837 11.0154 5.99483 27.8484 46 0.176928 1.85854 -3.03723 17.4687 14.5073 74.3439,15,19,14,5,1,0.7
621,ID_f6b08db36,66 0.113769 3.09287 -3.13702 -5.13038 2.84936 9.49 9 0.211039 0.543052 3.09918 -7.75357 5.01369 24.9907 35 0.15781 -3.12114 -3.11881 -4.98344 5.51542 25.8772 19 0.159154 -3.11938 -3.1034 -5.30427 9.40535 51.3569 46 0.192968 -3.12904 -3.13896 -10.0372 13.395 73.5996 19 0.15699 0.0725305 -3.08943 2.90335 10.722 55.9904 35 0.127176 0.0910149 -3.05175 2.49389 13.0915 70.4296 16 0.192976 -3.08274 -3.13896 -8.1266 8.69779 46.9475 46 0.159157 3.12346 -3.1034 -7.09707 18.6717 107.391 2 0.127176 0.0748047 -3.05175 -0.622802 5.62669 26.4047 16 0.156989 -1.49849 -3.08944 16.1865 5.53396 21.6199 46 0.159162 -3.08976 -3.1034 -7.27299 15.3454 84.9436,12,18,9,9,3,0.429
3499,ID_154c9880a,28 0.133416 0.0277173 -3.1186 5.33216 4.12277 14.7461 8 0.140138 -0.0563431 -3.06111 4.82754 4.54857 19.6858 31 0.1445 -0.0563253 -3.00339 4.93415 5.79303 25.7277 28 0.153145 -0.00926491 -3.03939 5.15602 6.98518 33.2313 70 0.151382 0.0034328 -3.07433 0.357856 5.61349 25.2289 46 0.183384 -2.6957 -3.09476 -3.70832 8.89021 49.1387 66 0.137747 3.06166 3.13655 -9.56834 6.66955 34.847 70 0.151666 3.10959 -3.08783 -9.02554 6.97125 38.807 61 0.156772 0.833771 -3.04507 5.83766 7.97638 42.2034 16 0.156772 -0.0732032 -3.04507 4.64823 9.56416 53.0014 6 0.13783 3.06669 -3.14036 -9.89342 3.54567 13.9921 46 0.151667 -3.11202 -3.08783 -9.41486 8.39841 47.7466 16 0.151669 -3.08573 -3.08783 -7.55531 7.67189 44.2244 46 0.151663 3.1409 -3.08783 -9.83758 11.3269 66.4087,14,20,13,7,1,0.619
1028,ID_8bfd3a788,66 0.156785 -0.0138017 -3.10632 3.58199 5.92187 25.9786 28 0.13614 0.0253206 -3.13285 13.521 7.67434 33.8659 46 0.232102 3.1003 -3.11604 -9.25969 25.5726 148.025 46 0.232101 -0.0728494 -3.11604 3.58285 19.2772 106.113 47 0.232648 0.0215553 -3.12175 -0.933422 18.9736 106.191 46 0.136142 1.12166 -3.13285 25.0832 9.32947 43.8892 16 0.136136 1.66933 -3.13284 20.6678 10.9644 55.0862 16 0.13614 1.61764 -3.13285 21.1733 12.1837 62.5463,8,10,6,4,2,0.5
265,ID_91b2a1bb9,16 0.106432 -0.0475913 -3.12719 -18.0807 8.21909 48.843 16 0.109255 0.202295 -3.12206 -50.1257 14.8989 103.403 43 0.127215 0.40304 -3.12321 -42.1782 11.6456 79.8276 2 0.106432 1.92554 -3.12719 -16.1358 9.03322 54.8742 2 0.106433 0.537916 -3.12719 -40.5403 15.3601 104.931 16 0.109255 0.407193 -3.12206 -22.715 8.38268 51.7367 16 0.109255 0.364816 -3.12207 -34.0967 12.372 80.5934 46 0.109256 0.697839 -3.12207 -48.5011 15.067 104.177,8,10,5,5,3,0.385
0,ID_8a6e65317,16 0.254839 -2.57534 -3.10256 7.96539 3.20066 11.0225 56 0.181647 -1.46947 -3.12159 9.60332 4.66632 19.339 70 0.163072 -1.56865 -3.11754 10.39 11.2219 59.7825 70 0.141942 -3.1395 3.11969 -9.59236 5.13662 24.7337 46 0.163068 -2.08578 -3.11754 9.83335 13.2689 72.9323,5,8,4,4,1,0.444
1553,ID_bb6f03de3,37 0.163965 0.0358256 -3.07422 11.6965 5.0889 19.7287 31 0.14861 0.0104626 -3.1249 12.0908 6.22911 26.2777 35 0.168154 0.0455555 -3.10573 12.0851 7.11611 31.683 28 0.125357 -0.0053372 -3.1163 12.5178 8.34284 39.0072 40 0.13831 0.0747942 -3.11009 11.6283 9.08736 43.8333 66 0.175135 0.00984175 3.13991 13.2445 11.4009 56.5556 35 0.190921 0.0433467 -3.08334 11.6868 11.1367 55.8459 70 0.0909953 0.0211412 -2.92081 13.6122 19.4079 105.324 28 0.160428 0.0227502 -3.09954 3.0432 4.52607 17.5722 60 0.13445 0.0620764 -3.09465 -6.04664 17.1629 96.6088 70 0.133412 0.0197447 -3.10576 -3.69263 7.05338 36.1397 37 0.138751 -0.00627482 -3.06827 -3.28339 2.99448 10.0094 2 0.190921 0.122523 -3.08333 12.2796 12.6357 64.8543 16 0.190921 0.152203 -3.08334 10.9473 12.5064 65.1059 2 0.190921 0.00127527 -3.08333 11.5547 14.1104 74.7628 46 0.190921 -0.0290001 -3.08334 12.5792 16.3063 87.4361 16 0.13445 -0.00785521 -3.09465 0.0662941 7.91687 41.7441 2 0.13445 0.0541935 -3.09465 1.14129 14.202 76.4716 47 0.134352 0.806944 -3.09437 -3.8499 16.0921 88.7712 16 0.13445 0.0582554 -3.09465 -5.54662 19.8786 114.015 16 0.163964 0.139644 -3.07422 14.5573 5.30558 17.4931,21,18,16,2,5,0.696
3247,ID_c0c3ed37b,66 0.106314 3.12296 -3.12868 -4.12485 2.81304 10.1796 56 0.167941 3.11003 3.14122 -4.22653 5.97206 28.1117 28 0.186394 -0.047105 -3.0683 5.43027 8.11721 38.0234 28 0.180554 0.0395394 -3.08773 5.27926 11.1675 55.4828 2 0.167946 3.09526 3.14122 -3.99836 3.96589 17.6117 2 0.167937 3.10943 3.14122 -3.66015 6.54042 31.9131 46 0.167939 3.00392 3.14122 -8.62747 25.3346 136.533 40 0.180292 0.000541705 -3.08686 4.84323 7.81291 37.4038 16 0.180554 0.0206316 -3.08774 5.63497 19.7177 101.25 16 0.180554 -0.130521 -3.08774 3.76818 17.8715 92.3549 46 0.186393 -1.81505 -3.06831 16.1252 14.8993 71.9382 2 0.186395 -1.44964 -3.0683 16.4705 15.1428 71.8311,12,20,10,10,2,0.455
1234,ID_55cbb4a20,28 0.159369 -0.0440287 -3.0868 -6.88756 3.15031 12.1739 28 0.149404 -0.029568 -3.09183 -2.81274 4.48814 18.9446 47 0.209939 -0.0191109 -3.10017 -4.5231 7.7494 39.1745 76 0.189821 -0.0729367 -3.08792 -27.7508 11.1283 66.9092 46 0.209939 -0.115627 -3.10017 1.31751 19.3427 104.24 16 0.18982 0.0275934 -3.08793 -32.1221 15.8846 95.2501,6,11,4,7,2,0.308
302,ID_8436ab711,35 0.178928 0.0697336 -3.09464 13.3419 11.5256 56.3768 28 0.189428 -0.0643558 -3.06914 19.6266 7.39993 30.0014 28 0.172705 -0.074954 -3.09 20.6153 9.14407 39.8433 46 0.178929 -0.0171745 -3.09464 3.27353 5.66449 25.3123 16 0.178929 0.0452355 -3.09465 -1.40166 10.7337 58.6634 16 0.178929 -0.00696463 -3.09464 -4.81541 14.2849 82.2345 46 0.178928 -0.0706307 -3.09465 4.97938 17.2407 97.5534,7,13,7,6,0,0.538
3275,ID_3f1c8f602,28 0.16685 0.0119207 -3.08128 -3.73997 3.56863 13.9582 28 0.12411 -0.0283079 -3.07463 -6.39498 5.12714 25.4773 27 0.140782 -3.13903 3.11342 -29.0891 12.7665 81.7659 16 0.12411 0.040902 -3.07464 -5.19817 8.4029 46.3789 27 0.132702 2.53721 3.08669 -42.1749 9.23065 59.9867 46 0.132705 -3.1308 3.08669 -29.7296 7.80323 48.7999 2 0.132706 -3.09769 3.08669 -21.6041 6.26179 38.9796 16 0.12411 0.0326153 -3.07464 10.6568 4.50318 16.7025 16 0.12411 0.220482 -3.07464 6.60446 6.72193 32.6967,9,20,8,12,1,0.381
2282,ID_a15cf6f97,28 0.12297 0.0996578 -3.09902 -14.4622 4.8623 26.1636 27 0.255901 0.731112 3.11887 -31.3157 11.1122 69.6087 37 0.134843 -3.01126 -3.10053 -19.0708 7.65536 45.9281 9 0.141741 -3.01702 -3.08227 -22.5235 9.68717 59.9471 7 0.148192 0.509667 -3.1165 -12.1293 6.03791 35.9699 28 0.129914 0.0427947 -3.07715 -10.2995 5.97932 32.5443 43 0.104269 -3.00778 -3.04343 -18.9719 11.0721 68.9257 2 0.127765 0.0110344 -3.09367 -6.63203 5.54367 29.5655 37 0.119445 0.486664 -3.07754 -1.74025 9.06882 50.4814 43 0.144255 0.0461384 -3.11704 5.30044 10.8424 59.0648 14 0.119166 3.10553 -3.07971 12.952 9.81063 51.5156 70 0.142318 0.0113762 -3.07995 16.9751 10.5398 54.743 76 0.115933 -0.100826 -3.11803 26.8496 11.5589 57.8623 16 0.12297 0.0501877 -3.09902 -12.3666 3.50334 17.3908 46 0.104265 -3.07538 -3.04343 -20.2431 10.8407 66.0532 6 0.10691 -3.05351 -3.04632 -16.0125 9.12726 54.5833 16 0.104266 0.0608269 -3.04343 -10.4251 7.25157 43.7454 46 0.127765 0.0995763 -3.09366 -7.4274 9.63016 56.3355 46 0.127769 -1.66005 -3.09366 -16.9458 15.0975 91.6439 16 0.144256 0.145501 -3.11704 4.41009 11.2672 62.8824 2 0.144256 0.0996679 -3.11703 4.16618 12.6795 72.5231 61 0.123877 0.481988 -3.08982 20.0385 17.7754 99.86 46 0.142318 0.652785 -3.07995 31.6713 17.5122 90.4955 16 0.115931 1.42254 -3.11802 19.2126 7.58659 35.0181 16 0.115933 1.29544 -3.11803 18.0997 6.39605 28.8182 7 0.116068 1.28703 -3.11869 21.4327 7.29051 32.1126,26,20,17,3,9,0.586
963,ID_985f64602,28 0.170416 -0.00693111 -3.10386 14.3691 6.35867 24.8171 51 0.19277 -0.0418833 -3.09794 15.1486 7.47976 31.416 8 0.203245 0.00443844 -3.01004 15.7122 9.04738 39.5535 35 0.188842 0.0507059 -3.10891 13.4371 8.62471 39.1636 14 0.196 0.133104 -3.07594 13.9585 9.70677 46.5939 35 0.150014 3.12564 3.11284 -24.1054 7.27815 39.1902 35 0.172289 -3.12476 -3.12606 -22.6278 7.95441 44.1612 18 0.148407 3.08728 -3.11589 -14.6752 7.78402 38.9398 37 0.20713 -2.72806 -3.1271 -20.9054 8.24567 46.1262 31 0.143233 3.1152 -3.09927 -24.8714 10.79 60.269 47 0.142772 -3.13756 -3.11474 -8.21891 8.42334 42.3242 14 0.214027 3.12941 -3.11535 -9.36376 11.7509 65.1612 16 0.196 0.0923092 -3.07594 13.4158 10.3156 49.4412 16 0.150018 -3.07335 3.11284 -19.7665 5.1433 26.9499 16 0.150018 -3.12746 3.11284 -25.5885 6.91966 39.4104 16 0.148404 -3.13102 -3.11589 -22.1873 11.3358 64.1297 2 0.196 0.0331259 -3.07594 14.1144 15.6259 81.6519 16 0.142774 -3.11812 -3.11474 -9.59875 7.9531 41.8861 16 0.214033 -3.14111 -3.11535 -8.92695 14.5943 82.5622,19,20,15,5,4,0.625
3765,ID_d5e4c6472,50 0.224109 0.0254762 -3.09958 2.72686 7.95452 38.8007 46 0.159561 -2.42807 -3.04789 -15.3829 7.28981 41.164 18 0.251567 1.29568 -3.05218 4.94158 5.12806 20.5534 27 0.125964 -3.10397 -3.07683 15.3087 7.41071 37.2796 60 -0.0377834 2.95884 3.11878 26.3272 11.0717 58.8015 8 0.179481 3.13011 -3.14075 12.005 6.44101 32.6776 12 0.123591 3.1187 -3.08502 -8.70396 16.0336 93.2452 60 0.180824 -2.14404 -3.09403 -15.3311 10.4199 59.7202 35 0.150599 -2.67584 -3.08311 -14.2827 10.3471 60.2608 16 0.224109 0.00726868 -3.09958 -0.146255 4.84513 20.8274 16 0.224109 -0.124999 -3.09958 -0.562851 7.93341 41.258 54 0.223908 -4.44573e-05 -3.0985 2.45199 8.25343 41.5391 16 0.223907 0.0147577 -3.0985 2.00456 9.45291 48.818 46 0.223908 -0.0650794 -3.0985 2.12909 17.2228 91.8655,14,17,10,7,4,0.476
197,ID_e409c480a,35 0.150422 2.99345 -3.11224 -3.48046 7.63574 39.3374 35 0.159476 0.154551 -3.07829 7.75973 8.03913 38.0859 47 0.117027 2.91962 -3.13047 16.5599 9.72818 47.8923 50 0.172459 -1.62818 -3.09708 21.8297 8.9153 43.063 66 0.148797 -0.0401636 3.12882 7.85236 9.29286 46.6372 2 0.150426 2.53155 -3.11223 -8.68134 3.21327 12.3334 16 0.150421 2.51157 -3.11224 -8.04592 3.31811 13.8741 46 0.15042 2.9122 -3.11224 -5.92755 7.82152 39.1454 46 0.148796 -0.218655 3.12882 3.66078 8.09994 40.8744 16 0.150428 -3.13358 -3.11224 -2.62492 7.41894 40.1663,10,18,10,8,0,0.556
214,ID_959e6f8db,28 0.122849 -0.0109153 -3.10082 -3.22766 3.12225 11.847 66 0.281415 0.543265 3.12307 -11.3419 6.7935 37.2022 54 0.191054 0.33288 -3.06653 -8.2943 17.455 107.692 37 0.0892678 -3.04866 -3.1193 -11.9609 12.4996 75.5991 43 0.0672488 3.1309 -3.07279 -8.38213 8.12338 45.2919 16 0.191055 0.0300514 -3.06653 1.17062 11.7289 67.5186 16 0.191054 0.106829 -3.06653 -4.54429 11.5822 68.0966 9 0.281137 0.480906 -3.11912 -9.47572 6.9334 36.4569 46 0.191054 -3.10912 -3.06653 -9.64522 14.7555 89.1945 2 0.191055 -2.29468 -3.06653 0.849123 15.3482 94.4004,10,14,6,8,4,0.333
2773,ID_5b74acb83,28 0.188315 0.0207224 -3.06112 -3.37029 2.38101 6.83309 28 0.144661 0.0614669 -3.09268 1.98395 4.08432 15.0807 28 0.151239 0.0249186 3.06135 11.8917 4.76378 17.7913 35 0.148961 0.0475299 -3.06734 11.3848 5.50382 21.968 6 0.131018 0.122466 3.1354 10.5755 5.74363 25.7119 12 0.161359 -0.0305008 -3.07897 9.12787 5.90866 25.33 14 0.164103 0.028731 -3.08663 10.3164 6.44548 30.2745 2 0.164104 0.00509994 -3.08662 12.5756 8.57207 40.7763,8,16,8,8,0,0.5
1152,ID_0dd0d5ace,37 0.161767 3.08166 -3.09848 -14.0839 4.97636 26.6246 43 0.137672 3.10939 -3.10533 -16.568 8.54658 50.3284 27 0.148312 3.0854 -3.108 -16.2692 12.273 73.6189 16 0.148317 -0.097787 -3.10799 0.995509 6.87373 35.4759 16 0.148316 -0.0344439 -3.108 -0.279056 9.89043 54.9539 2 0.148316 -0.0204436 -3.108 -3.16892 9.53221 55.0976 46 0.148316 0.0340138 -3.108 6.39164 7.35544 38.2337 2 0.148318 1.3756 -3.108 9.9856 20.8188 124.583 16 0.161773 -3.14142 -3.09848 -13.7729 3.5407 18.3576 16 0.137667 2.9325 -3.10533 -15.0573 8.65737 51.4509 16 0.13767 -3.10677 -3.10533 -14.972 9.19629 55.4103 46 0.148318 2.87997 -3.108 -22.4237 18.0018 110.186,12,12,8,4,4,0.5
4060,ID_1741a2d8c,31 0.192351 -0.142861 -3.12651 3.04963 3.42309 13.4125 28 0.134314 -0.00707162 -3.13555 3.22622 2.8308 7.3162 61 0.091658 0.0522631 -3.07375 5.65794 3.50802 13.542 35 0.150787 3.09297 -3.08141 -14.7344 5.62219 30.9722 76 0.183392 -0.258956 -3.02325 21.4756 8.02206 34.3585 46 0.134314 -0.00707162 -3.13555 0.857178 2.998 10.2447 6 0.134314 -0.00707162 -3.13555 9.9033 4.93114 17.4632 16 0.150784 -3.10327 -3.08141 -13.2501 3.1452 17.8744,8,9,6,3,2,0.545
1653,ID_9f2fa817d,28 0.170762 0.0296627 -3.05639 3.34321 3.00631 7.78964 50 0.166985 -0.0200913 -3.06327 12.8047 5.90743 23.1884 16 0.177716 -0.0277349 -3.10827 11.3504 6.19815 26.2592 16 0.155958 0.0749128 -3.13721 10.7709 6.82009 30.5961 2 0.189329 -0.0463232 -3.13824 9.80366 8.99659 43.6068 16 0.166985 0.067118 -3.06327 10.896 4.25508 14.5293 16 0.155959 0.0471851 -3.1372 10.7 7.48512 34.8184 46 0.155959 0.201038 -3.13721 13.5539 10.4279 51.2939 16 0.189328 -0.0422281 -3.13823 2.46509 11.6587 60.6153 46 0.189327 2.6998 -3.13824 -38.6762 10.3669 55.523,10,16,9,7,1,0.529
2692,ID_20d155a1c,9 0.152912 2.93066 -3.04127 -7.06564 3.04444 14.0306 66 0.113416 2.84566 -3.09562 -14.9435 4.69508 23.3502 50 0.0923217 3.02468 -3.09466 -7.8949 6.05583 31.9106 28 0.199668 2.91609 -3.0672 -4.53818 6.16803 29.8204 50 0.182401 -0.0841847 -3.04414 15.3619 6.39987 24.8606 46 0.187661 -0.167179 -3.02365 17.7819 9.09278 39.9127 50 0.22584 -0.162622 -3.00711 22.7387 12.2192 54.8891 46 0.194341 -0.216738 -3.03603 19.187 10.722 49.2425 76 0.172128 0.00714924 -3.081 32.5497 21.4509 108.316 46 0.0923263 2.8842 -3.09466 -12.9644 6.4961 33.2625 2 0.199669 2.94631 -3.0672 -5.95945 9.43607 51.7081 16 0.199666 2.9412 -3.0672 -1.55999 7.8506 39.784 46 0.182401 -0.140125 -3.04414 13.9787 5.26145 18.5819 16 0.182401 -0.254333 -3.04414 16.14 7.48713 29.9099 16 0.194341 -0.14927 -3.03604 20.0334 11.6749 53.6815 46 0.00683343 0.024495 2.95963 29.4253 17.7776 85.8759 46 0.00683343 0.024495 2.95963 29.4253 17.7776 85.8759,17,20,13,7,4,0.542
4041,ID_c850ff020,35 0.156613 -3.11901 3.13344 -5.21815 2.57431 9.25695 70 0.150794 3.06572 -3.10563 -6.03843 6.01483 28.4163 19 0.141684 0.220419 -3.11073 -2.47564 4.83229 21.299 27 0.181349 -3.11946 -3.11646 -11.0672 14.1219 78.1843 46 0.237005 3.11918 -3.12188 -5.47022 16.8157 93.1828 76 0.190949 0.00868579 -3.10271 6.31626 7.90596 37.2982 6 0.151547 -3.10585 -3.10897 -7.64416 5.67773 28.9657 16 0.190949 0.0336121 -3.10271 5.01043 7.25417 35.3023 16 0.151547 0.612249 -3.10897 -20.3242 9.16427 51.9841 2 0.190949 0.121255 -3.10271 11.8673 8.7294 42.7578,10,16,9,7,1,0.529
4254,ID_a0d2d33a3,28 0.210507 0.00666331 -3.10402 5.7906 3.64692 11.9583 35 0.181822 -0.0265675 -3.09994 5.7022 4.82195 18.4096 70 0.150203 0.0250145 -3.14072 6.07393 5.7542 25.4426 43 0.22948 0.0373735 -3.09051 5.21773 6.99836 33.9587 16 0.147946 0.0136789 -3.07598 -3.18121 4.13884 17.7518 70 0.151404 0.0266622 -3.06657 -15.1937 4.66022 23.9823 61 0.167331 -0.00820887 -3.09043 -17.055 8.34787 47.8772 14 0.210571 0.000456935 -3.10439 4.94275 1.99301 5.40362 46 0.22948 0.214131 -3.09051 4.71679 10.1905 50.73 16 0.229481 -0.0212531 -3.0905 4.71529 14.2629 76.6746 7 0.225821 -0.00011162 -3.07599 -0.968328 9.89672 52.9544 46 0.225822 -0.577016 -3.07599 -3.90185 23.9474 141.443 46 0.225822 0.0435765 -3.07599 -5.96715 19.869 113.398 16 0.225822 0.0416408 -3.07599 -3.78847 8.92425 46.556 46 0.167332 -0.202786 -3.09043 -12.7848 9.02811 51.3183 2 0.181822 0.197708 -3.09995 6.872 4.60411 21.2685 70 0.174888 -0.548846 -3.1389 -24.5941 21.2918 128.668 60 0.174835 -0.0622295 -3.1365 -18.2226 16.7925 97.9968,18,14,11,3,7,0.524
3991,ID_844a433ba,66 0.185707 -1.53217 -3.00126 -15.0378 3.95097 19.9795 28 0.143717 -0.171006 -3.09756 0.181015 3.67185 14.3351 28 0.116098 -0.834902 -3.1146 -0.384412 5.06364 25.2346 28 0.0919584 -0.811286 -3.09236 3.45626 5.46216 25.4551 70 0.145461 -0.818303 -3.13761 9.05304 6.63384 36.6586 37 0.113622 -0.910402 -3.12466 8.81738 5.94598 29.9416 46 0.159902 -0.398335 3.09599 17.3455 9.41665 51.8964 16 0.185703 -0.058474 -3.00126 -2.68212 1.6239 3.06543 50 0.20602 -1.02931 -3.03356 -7.42123 4.09831 18.6327,9,10,7,3,2,0.583
3947,ID_22bad17a3,40 0.202088 -0.0450416 -3.06683 2.97904 3.26238 10.8574 16 0.1389 0.287043 3.11891 7.5563 9.06096 46.9053 9 0.0815796 2.90669 -3.08939 -15.676 19.2011 109.291 2 0.1389 0.0822302 3.11891 2.10911 10.0481 54.8916 16 0.1389 0.0121182 3.1189 5.79766 14.8567 84.6203 16 0.138899 -0.0545987 3.11891 -0.225462 19.3219 115.514,6,8,5,3,1,0.556
2,ID_a381bf4d0,43 0.162877 0.00519276 -3.02676 2.1876 3.53427 13.3436 51 0.158577 0.158274 -3.06328 2.07558 12.2943 65.3173 35 0.165934 0.608676 -3.11434 17.0381 9.29676 46.2082 18 0.203947 0.785978 -3.09077 8.91099 10.3547 53.1728 8 0.151796 0.39656 -3.04874 4.5926 8.39404 43.8599 35 0.168738 -3.07809 3.14156 -5.16107 3.31526 13.0684 16 0.153907 -3.10425 3.13187 -10.1679 4.77389 23.9775 46 0.198176 -3.05556 -3.12274 -5.78513 5.5546 28.7511 71 0.133551 -3.09861 3.13331 -13.5746 8.73601 46.872 46 0.19931 -2.96848 -3.03849 -15.1259 25.5187 149.73 16 0.158577 0.0501459 -3.06328 -0.327945 4.52108 20.3165 6 0.19946 0.22768 -3.03878 -3.32415 9.91577 53.6321 16 0.199314 0.0469982 -3.03849 -5.66794 14.0443 79.0041 16 0.199461 0.165179 -3.03878 -3.89758 15.2622 86.8372 46 0.199461 0.311656 -3.03879 -4.12993 21.3742 122.086 16 0.158577 -0.0785882 -3.06327 1.09611 12.5925 69.3307 2 0.199461 0.177558 -3.03878 -0.875121 21.4044 122.087 16 0.165931 -2.24401 -3.11434 19.0829 7.88789 37.2926 16 0.203947 0.29008 -3.09076 9.99355 9.19239 47.2033 16 0.158573 2.53113 -3.06328 3.59664 10.4137 55.5836 16 0.199461 0.0886425 -3.03878 -2.79895 19.487 112.592 16 0.153906 -3.06239 3.13187 -9.88157 3.35314 14.4199 16 0.133556 -3.00358 3.1333 -11.7902 6.30143 33.1739 2 0.133558 3.11855 3.1333 -14.4675 10.5948 59.7663 16 0.199312 -3.00664 -3.03849 -13.6237 20.406 119.344,25,20,15,5,10,0.5
501,ID_69ec33200,70 0.161196 0.0218858 -3.12209 13.3868 5.61536 21.9517 2 0.183901 0.0637114 -3.08999 13.1997 6.58286 27.3206 35 0.169944 0.061691 -3.03223 11.9088 7.07298 30.5556 19 0.146557 0.0686704 3.09524 13.7966 9.17023 41.9754 35 0.181274 0.0283808 -3.1137 12.1749 9.00748 41.91 28 0.171099 -0.0420837 -3.08752 12.2634 9.99888 47.6352 40 0.145943 0.0379737 -3.12242 12.2542 11.3379 55.4886 66 0.159529 -0.0475451 -3.08146 -2.0595 9.4403 48.0449 35 0.143642 3.138 -3.12525 -7.97108 3.76693 14.9418 71 0.16226 0.037946 -3.13585 15.7735 5.84768 19.7445 46 0.145943 0.0687016 -3.12243 16.1248 16.1099 80.5612 16 0.143639 0.51288 -3.12525 -32.6964 7.71634 46.185 16 0.159534 -3.11927 -3.08146 -11.9585 11.0654 60.3102 16 0.159529 -3.09061 -3.08146 -15.8281 19.8243 111.43 2 0.143636 2.71743 -3.12525 -34.1568 8.20523 44.7703,15,20,9,11,6,0.346
3062,ID_ea67b570a,37 0.158096 -0.441296 -3.1165 -3.37672 4.86702 22.0649 28 0.190754 -0.432173 -3.06745 18.056 7.04822 26.7331 16 0.158093 2.71625 -3.11651 -15.8066 5.04868 27.9718 16 0.158095 2.59684 -3.11651 -3.03488 11.558 63.0291 16 0.158095 -0.352294 -3.1165 15.1131 11.9967 62.4195 2 0.190754 -0.35329 -3.06745 28.0275 11.145 49.6795,6,13,6,7,0,0.462
1365,ID_6cc6459a3,31 0.201377 -0.0160196 3.13724 2.7103 4.47017 20.4794 35 0.105022 -3.11372 -3.13051 -10.9679 13.4416 76.0842 16 0.201376 -0.0492551 3.13725 3.83751 9.09089 46.2949 50 0.201401 2.08858e-12 3.13865 3.57957 12.3701 64.9501 46 0.201401 -0.0162237 3.13865 -0.152539 11.3529 59.4301,5,11,5,6,0,0.455
2794,ID_50766232e,70 0.162321 2.94684 3.09657 -2.87749 8.77012 44.5371 50 0.155701 -2.92101 -3.13059 3.72742 7.36082 36.6065 8 0.095777 -2.4726 3.05782 9.09395 5.03269 22.8372,3,7,3,4,0,0.429
1763,ID_faa362f49,37 0.125702 1.94821 -3.08825 10.4345 6.51732 27.466 28 0.199644 0.0214885 -3.10288 10.6815 8.92514 40.8825 28 0.161787 0.0108837 -3.10224 5.92666 10.6351 52.7307 60 0.193969 0.112175 -3.07377 5.05414 15.4537 82.99 16 0.1257 -1.95267 -3.08825 10.3667 4.89821 18.7142,5,10,5,5,0,0.5
396,ID_e17ea1f64,28 0.159794 0.108037 -3.09063 -5.52856 3.73306 16.0591 70 0.175213 -0.0308833 -3.09128 -4.13393 6.47893 32.5722 12 0.182571 -0.0681442 3.06069 -6.06799 6.75573 38.0265 16 0.143518 -0.047838 -3.10486 -7.4217 11.0444 65.1577 28 0.156256 0.0603263 -3.13257 12.6253 6.00937 23.7438 16 0.0502892 -2.95328 -3.05659 -22.1842 6.91103 47.3355 35 0.141632 3.08173 -3.10649 -24.1412 10.5231 67.9483 16 0.175213 0.00324962 -3.09129 -0.293535 5.89515 27.9185 16 0.143518 0.0014697 -3.10487 -3.07879 7.10222 38.9993 50 0.144644 -0.454504 -3.10962 -5.08463 17.0955 99.0637 16 0.144644 0.0445461 -3.10963 -4.02724 16.823 100.686 16 0.144645 -0.055742 -3.10963 -3.32011 19.4985 119.492 2 0.143518 -0.618873 -3.10486 -5.54301 13.2177 81.2583 16 0.144645 -0.107199 -3.10962 0.688083 18.4177 109.986 16 0.0502928 3.09277 -3.05659 -25.5566 5.89239 38.7946 16 0.141636 -3.05248 -3.10649 -14.6808 8.42524 54.9671,16,18,11,7,5,0.478
2803,ID_06b0baf4c,19 0.173722 0.0399946 -3.12226 3.17242 4.36616 17.7905 70 0.170709 0.057482 -3.10591 3.0387 5.80279 25.8937 70 0.229331 0.0861317 -3.07439 2.80001 8.71163 41.4454 37 0.142029 0.00966681 -3.09872 0.185597 3.20828 10.9113 16 0.204709 0.0518318 -3.11403 -2.71924 2.38975 7.61769 76 0.185066 0.017433 -3.08271 -3.96037 3.94593 16.9747 66 0.172492 0.0283641 -3.10356 -4.08819 5.33032 24.9768 50 0.217772 0.0043509 -3.12824 -5.29812 8.21106 41.6612 16 0.173718 -2.45943 -3.12225 22.6347 6.83184 31.874 16 0.173721 -0.399986 -3.12226 4.48753 3.30018 11.7183 16 0.173722 0.0227801 -3.12226 6.45794 6.31234 28.8135 16 0.229332 -0.177399 -3.07439 1.75041 9.66879 51.0083 2 0.229332 -0.433036 -3.07439 -0.245178 6.47399 33.7443 2 0.229332 -0.0742836 -3.07438 -0.262937 5.14151 23.7476 16 0.217772 0.111062 -3.12824 -3.86083 6.85556 35.9062 16 0.217772 0.0933481 -3.12823 -4.98698 10.932 58.4171 46 0.217771 -0.553286 -3.12824 -9.93647 25.4411 150.22,17,20,13,7,4,0.542
1099,ID_d0bb6fcc1,19 0.152142 0.0436036 -3.10565 0.384169 5.74319 25.3687 66 0.177276 -0.00825878 -3.07486 -3.65574 6.32219 30.0886 61 0.201955 0.0504073 -3.00625 12.0391 5.61757 21.7394 37 0.162947 0.0146628 -3.12262 12.295 6.69593 27.6766 8 0.277322 0.0547679 -3.09331 9.31047 6.90959 30.0997 28 0.136339 3.12741 -3.1151 -8.03026 3.95857 18.2353 35 0.155164 3.1221 -3.14105 -8.92589 6.55327 33.6808 47 0.135534 -3.12108 -3.12023 -9.0381 10.043 54.4284 35 0.154415 3.13137 -3.1293 -14.4377 12.3052 68.6459 47 0.130911 3.12338 -3.11699 -26.9283 15.8363 92.9436 16 0.152143 0.0154506 -3.10565 -0.585366 11.0818 59.6873 16 0.152143 -0.000187034 -3.10565 -3.23155 14.7274 82.3128 40 0.195288 -0.00371005 -2.99674 11.1494 4.59269 15.5709 46 0.136339 -2.90449 -3.1151 -10.1198 2.99572 13.8818 46 0.130907 2.35924 -3.11699 -19.5388 9.92303 55.0787 8 0.132214 -3.13036 -3.1255 -24.4416 10.4343 60.3525 6 0.130911 3.10203 -3.11699 -25.6867 14.2158 82.5216 46 0.277321 0.0875009 -3.0933 16.0264 16.4421 82.0205,18,20,14,6,4,0.583
2251,ID_80f84e5e3,70 0.138586 -0.192847 -3.083 2.96655 5.71134 27.2589 40 0.143943 0.0486801 -3.10857 -3.27697 2.54233 8.36538 40 0.159672 0.0230438 -3.05468 -7.09917 6.42161 35.9729 28 0.251606 -2.18722 3.12287 -18.5037 5.49108 34.4344 28 0.185634 -2.39764 -3.0813 -28.9842 9.62213 64.3662 28 0.143583 0.0318479 -3.11574 -21.4017 10.3315 66.3526 46 0.159673 0.0331301 -3.05469 -5.09694 9.91405 56.256 61 0.159705 0.409708 -3.05474 -5.78519 12.8834 79.2821 16 0.159705 0.087455 -3.05474 -3.98001 19.9386 124.532 43 0.145615 0.0710451 -3.13285 -21.5073 9.4756 62.6135,10,11,8,3,2,0.615
2364,ID_50d0e9451,70 0.139097 -0.329511 -3.0558 7.30481 4.82662 16.6574 28 0.171528 -0.105529 -3.06468 16.3686 8.76456 38.7599 28 0.147033 -0.140234 -3.13023 17.3861 9.84353 46.1196 66 0.128709 -0.132514 3.13586 21.3744 14.9225 76.2548 18 0.158247 3.05353 3.13084 -10.7067 5.05045 23.0479 37 0.140206 3.10231 -3.07195 -13.1687 6.78581 35.7627 35 0.149444 3.08465 -3.12547 -12.7649 8.42874 45.3424 46 0.204639 3.07795 -3.125 -10.7341 11.9224 66.0558 9 0.14918 3.05502 3.13718 -5.78333 8.69293 47.9847 16 0.139098 -0.933276 -3.05581 8.93189 4.71476 17.7221 16 0.139098 0.126358 -3.0558 15.1711 7.16212 30.2027 16 0.147033 -0.059833 -3.13023 17.4353 10.8951 52.8596 16 0.12871 -0.0663042 3.13585 18.915 13.5392 70.4069 2 0.149184 -0.328575 3.13718 3.9498 10.3078 53.6322 6 0.149202 -0.182269 3.13784 6.60057 11.7823 65.0496 8 0.149213 -0.166259 3.13832 -0.724628 7.18875 35.5609 2 0.158247 2.93937 3.13084 -13.0395 3.98165 19.3559 8 0.158063 3.1096 3.12842 -24.0932 5.679 32.2438 16 0.140208 3.07756 -3.07195 -15.4101 8.60862 47.6388 16 0.140209 2.9841 -3.07195 -24.2625 10.0661 58.0955,20,19,14,5,6,0.56
2417,ID_2b2bd8a67,28 0.0546788 0.262642 -3.01658 -9.30293 4.9113 27.6588 35 0.155508 -2.97899 -3.1005 -20.3655 5.78413 36.6633 6 0.139654 -2.86313 -3.06075 -22.3899 7.07844 46.8688 35 0.142815 -2.9295 -3.06494 -20.3606 8.13418 52.143 40 0.127617 -2.90628 -3.07138 -26.0274 8.8047 60.1106 16 0.0546789 0.260269 -3.01658 -20.9511 11.9187 80.8471 16 0.142816 -2.88628 -3.06494 -20.3387 7.95601 55.0449 16 0.142818 -2.87054 -3.06494 -20.6318 8.22521 54.5307,8,6,5,1,3,0.556
1769,ID_4247271c0,31 0.165317 0.0824793 -3.03919 -1.03964 9.54477 54.3398 9 0.103089 -0.0377155 3.10647 19.2121 7.22334 32.0052 46 0.165318 0.110658 -3.03919 7.50761 27.2155 156.066 16 0.165316 -1.61208 -3.03919 -21.2193 5.26332 33.6838,4,11,3,8,1,0.25
3421,ID_b8de58ad8,51 0.152086 0.0861214 -3.08037 -0.186682 4.40965 17.5334 35 0.132883 0.037264 -3.07467 4.42838 3.82161 13.5029 16 0.161022 0.112533 -3.03965 6.281 3.52141 11.6809 66 0.148004 0.0240187 -3.044 5.85201 6.44585 28.932 54 0.173125 0.094352 -3.11126 6.12227 8.32366 39.4431 66 0.157631 0.0334074 -3.08096 2.51052 6.62317 32.0433 71 0.144333 -0.169326 -3.08396 1.8801 9.34947 49.893 47 0.12414 -3.07758 -3.10109 -4.87508 8.64692 46.0348 12 0.21032 -2.84042 -3.11855 -7.37586 6.1322 31.3867 35 0.154495 -3.06935 -3.12457 -9.16515 5.35773 26.2699 76 0.11936 3.0763 3.13743 -9.87607 4.68169 22.1718 66 0.157496 -3.07282 3.05072 -9.86238 3.74181 15.5932 35 0.169789 1.02123 -3.10488 -11.8903 9.07815 50.3085 56 0.032825 -3.11994 -3.07449 -12.4667 15.4501 92.7413 2 0.148004 -0.0137523 -3.044 5.00012 4.3862 18.4259 16 0.124144 0.0499462 -3.10109 -0.965566 4.93624 23.1956 16 0.161021 -0.75343 -3.03965 13.9579 5.62329 21.146 16 0.132883 1.95054 -3.07467 8.51013 4.21857 17.6768 2 0.124144 -0.0278446 -3.10109 -2.18051 9.65465 53.9219 46 0.0328268 2.37907 -3.07449 -13.4962 12.303 71.8308 46 0.144334 -0.118927 -3.08396 0.122613 20.1029 118.123 16 0.144333 0.0290539 -3.08397 -1.69046 18.8243 112.93,22,20,18,2,4,0.75
2863,ID_4e3f74279,28 0.139929 -1.20372 -3.11808 10.6577 4.53155 16.8863 32 0.0882848 -3.11641 -3.08787 -9.3359 8.76578 52.5657 47 0.0861901 -3.11864 3.13021 -8.86106 9.9664 62.0284 35 0.124822 3.00561 -3.12765 -13.641 5.10494 28.952 35 0.132264 -3.12478 3.13132 -13.2771 5.86972 34.3342 35 0.136983 3.14116 -3.12419 -13.8613 7.47375 46.1482 66 0.0944402 3.08849 3.10284 -15.4534 9.52602 60.7091 12 0.142151 3.09356 3.10693 -13.9525 9.60509 61.5289 16 0.124825 -0.106126 -3.12765 -2.64444 2.09535 5.06415 16 0.0861896 -0.0642091 3.13021 0.611087 4.0433 18.9843 46 0.0861896 -0.16708 3.13022 -0.360907 4.80658 25.4882 16 0.0861914 -2.11268 3.13021 -0.724184 4.41117 26.0778,12,18,12,6,0,0.667
350,ID_65048ba35,28 0.135591 0.0137394 -3.07453 -3.60922 3.2875 12.2939 28 0.118002 -0.0427586 -3.08928 -6.9442 7.44715 39.692 28 0.16031 0.0224913 -3.09625 -17.6157 4.81678 26.528 16 0.118003 0.0140127 -3.08928 -3.48103 7.85606 42.4133,4,15,4,11,0,0.267
3580,ID_d97b56c4f,35 0.138857 -3.1325 -3.12073 -12.1611 5.21756 24.7508 35 0.166258 -3.11826 -3.1359 -12.7547 7.85363 42.2463 71 0.185862 -3.05263 -3.13624 -13.6821 9.62987 55.1761 8 0.182446 0.00600071 -3.13511 4.3392 5.12772 21.3859 9 0.234874 0.110986 -2.9949 36.8795 20.4135 107.64 70 0.184777 -1.63121 -3.12072 -19.5049 21.3777 133.787 16 0.182445 -0.0216429 -3.13511 4.32462 13.5024 75.6232 16 0.182446 -0.0284011 -3.13512 7.45731 16.303 92.4266 46 0.234875 -0.261936 -2.9949 26.4946 13.1948 66.1261 46 0.234875 -0.645797 -2.9949 29.1638 13.302 64.8556 46 0.234875 -0.936675 -2.9949 22.6225 9.01273 43.5175 16 0.182445 0.0258958 -3.13511 12.4751 15.501 86.5398 16 0.234874 -1.30799 -2.99491 21.1704 7.78456 34.4422 16 0.234875 -1.07091 -2.99491 21.5832 7.39019 31.8937,14,15,9,6,5,0.45
3774,ID_07836399f,27 0.175664 -0.0236722 3.13101 -3.37015 2.68187 6.59681 28 0.136605 0.0161366 -3.09113 -3.2563 3.38303 12.4147 76 0.280215 -2.60888 -3.10636 -5.94653 3.96125 18.6138 50 0.161331 -0.0327922 -3.11125 -3.97498 5.21749 22.6087 28 0.129998 0.00974343 -3.08633 -7.53913 6.20391 31.2365 66 0.144167 0.0379517 -3.07656 -4.29543 6.60352 31.6391 27 0.114677 3.11664 -3.07916 -64.4387 13.9375 94.0681 19 0.271022 -2.22676 3.06139 -7.9278 4.09798 17.0664 60 0.0956592 -0.0629328 -3.05267 -13.8112 4.60072 19.229 16 0.0956592 0.0861212 -3.05268 -13.4294 4.36187 22.2354 46 0.0956591 -0.317813 -3.05268 -7.69883 3.41666 16.7378 46 0.144167 0.056385 -3.07656 -3.78989 6.10514 31.8884 46 0.129998 0.0450159 -3.08634 -8.00951 7.78636 40.5749 16 0.129997 1.74749 -3.08633 -10.6098 11.7465 67.085 2 0.144166 2.00891 -3.07656 -6.16783 12.1508 69.544 70 0.147142 1.68722 -3.08365 -3.67736 12.6635 70.289 16 0.147142 1.50108 -3.08365 1.65854 10.6984 58.5677 46 0.14714 1.80317 -3.08365 2.53415 13.4419 73.1613 54 0.148652 -1.22423 -3.08766 5.17859 11.7384 60.2398 16 0.148652 -1.11088 -3.08766 13.2971 11.4337 59.0494,20,20,14,6,6,0.538
2734,ID_f79e23bf5,35 0.157012 3.13864 -3.12223 -3.55628 2.79948 9.0531 60 -0.0335419 -3.13475 -3.11646 -9.58607 16.4395 105.817 43 -0.0595452 -2.9679 -3.03639 -9.79009 13.7432 86.0104 70 0.127116 0.0618551 -3.05604 4.39376 10.7327 59.3343 48 0.0966612 -3.0785 -3.04687 6.24355 6.30803 28.7601 70 0.140419 0.0647034 -3.06805 6.99311 5.38107 22.4785 50 0.17699 0.0577731 -3.02704 6.96802 4.34781 14.9731 66 0.154403 1.72128 -3.10705 -10.9646 3.61309 22.8733 16 0.154401 1.26834 -3.10705 -18.4409 8.18467 51.8537 16 0.154401 1.1091 -3.10705 -18.0077 9.1395 58.0066 16 0.154399 1.42408 -3.10705 -27.2043 14.5795 94.1405 46 -0.0595467 1.77482 -3.03639 -19.8729 16.5576 112.467 47 -0.0334851 -3.0883 -3.11639 -18.9001 40.3394 262.932 6 -0.0343657 -0.00986884 -3.1176 -9.4891 27.2024 177.217 46 -0.0343656 -1.02732 -3.1176 -0.290763 24.8478 159.219 16 -0.0343657 -0.220252 -3.1176 3.04269 14.5458 88.6781 16 -0.0343657 -0.124149 -3.1176 3.93291 11.6068 68.8095 2 0.176991 -0.236011 -3.02704 5.13741 2.15736 6.19912,18,16,8,8,10,0.308
3821,ID_7686cd4c0,71 0.143585 3.13131 3.07684 -16.5265 4.9664 24.9312 12 0.170497 3.09453 -3.11625 -15.6421 12.072 68.961 46 0.241709 -3.06725 -3.11112 -14.3215 19.6813 112.892 9 0.146087 -2.84835 -3.04709 -18.0867 24.725 146.643 40 0.177223 -0.0934817 -3.09951 -1.92284 8.16187 41.5588 35 0.183014 -0.0164571 -3.02206 4.17512 5.43146 21.8879 28 0.177959 0.0102085 -3.10059 4.22916 4.33973 15.795 70 0.161393 0.0271552 -3.01813 4.775 3.59904 10.2054 47 0.271862 -0.939023 -3.03736 9.6249 4.65932 17.3626 46 0.1705 -2.23331 -3.11625 -24.6826 15.1652 93.1848 16 0.177223 0.0673912 -3.09951 -6.95934 20.8176 120.181 16 0.177224 -0.0103927 -3.09951 0.474646 5.81369 27.8051 8 0.180669 -0.00360423 -3.01853 12.8736 17.0473 91.3092 46 0.180669 1.99034 -3.01852 13.5391 11.8865 61.7509 56 0.268282 2.97079 -3.02829 18.3086 8.04306 26.077 16 0.177964 -3.1316 -3.10058 7.23556 4.49638 18.4401 46 0.17796 -1.88977 -3.10058 8.75109 6.43412 27.8519 46 0.180667 1.99965 -3.01853 14.2725 13.3045 69.2495,18,20,15,5,3,0.652
4044,ID_0289b0bc8,19 0.149891 0.0447806 -3.10181 -3.22167 3.42203 13.8885 76 0.161357 -0.0816585 -3.08814 -5.90109 8.39304 46.366 9 -0.0705082 0.132443 -3.08685 10.2347 11.8283 65.9726 51 0.124348 -0.912149 3.12668 19.6287 17.0264 92.4182 6 0.154679 -0.00581493 -3.07026 7.6556 5.26252 22.5526 47 0.149606 0.0194131 -3.10074 -3.51365 2.04079 3.41336 16 0.161357 0.0891756 -3.08814 -3.92506 5.50841 26.9331 16 0.161357 -0.0273271 -3.08814 -2.77584 6.53048 33.175 16 0.161357 0.159916 -3.08814 -1.66226 7.88851 41.5903 16 0.161357 0.246525 -3.08814 -6.27772 16.1921 94.9481 16 0.161357 0.0873762 -3.08814 -1.96058 13.6796 79.364 16 0.161357 -0.010017 -3.08814 -0.0153143 6.15284 30.2755,12,20,10,10,2,0.455
3848,ID_c6db00fc7,70 0.183438 0.0887154 -3.05343 1.96897 3.8888 15.3334 28 0.128434 0.203919 -3.09541 12.8672 5.67976 22.5733 71 0.150779 3.08203 -3.11564 -16.7286 6.33209 33.637 16 0.128434 0.0980278 -3.09542 19.7402 8.12284 37.3532 16 0.183438 0.0368323 -3.05343 2.97148 5.99407 28.6655 16 0.183438 -0.050889 -3.05343 6.73484 14.5271 84.7019 46 0.150775 -2.94593 -3.11564 -25.2321 6.37265 36.8635 16 0.150778 3.12765 -3.11564 -14.01 4.31124 21.3134 6 0.151219 -3.10429 -3.11835 -15.5113 6.96973 37.7086 46 0.151212 -3.12492 -3.11835 -15.5364 9.19309 53.5353 16 0.151211 -3.12083 -3.11835 -15.3552 10.4944 61.0766,11,17,7,10,4,0.333
1349,ID_09c57f578,23 0.114415 -3.05191 3.11218 -15.7605 6.83878 31.0875 66 0.152171 -0.00266662 -3.12547 -3.82568 9.0789 48.5338 16 0.152172 -0.0214577 -3.12547 -5.51898 9.80615 54.356 50 0.152403 -0.131842 -3.12785 -6.20224 21.7155 128.702,4,11,4,7,0,0.364
4259,ID_aa6ffba0a,35 0.166437 -0.497963 -3.12063 12.6792 5.48256 20.6109 8 0.169649 0.319292 -3.10878 6.50152 4.42522 18.4151 28 0.201843 -0.261668 -3.11908 3.01309 4.98506 21.2665 35 0.171748 0.0469358 -3.06196 5.62579 12.4973 66.2327 37 0.0782724 -0.0348541 -3.1091 -0.718368 8.02003 40.9016 31 0.129025 -3.11733 3.10555 -9.85784 14.3514 82.6509 70 0.211084 1.72762 3.13677 -15.4616 5.36105 25.9236 37 0.17556 -3.08955 3.12963 -9.48781 5.00926 22.8641 16 0.169649 -0.0631526 -3.10877 12.3417 6.47837 26.629 46 0.0782725 0.0480679 -3.1091 -0.258223 18.8803 108.301 51 0.210437 -3.10015 3.12429 -9.88858 3.78514 14.9448 16 0.210437 1.58132 3.12428 -12.4512 4.21164 19.6285 71 0.210986 1.87441 -3.13354 -15.26 6.18347 31.9424 16 0.175554 3.10605 3.12963 -8.3907 5.11074 24.6102 46 0.175559 -2.25496 3.12963 -18.2842 11.5378 65.3129 27 0.175819 1.28387 3.13453 -16.6755 11.8863 69.372,16,20,11,9,5,0.44
2522,ID_f8d54cfb9,66 0.167255 -0.0159009 -3.10054 3.8618 4.31373 15.436 60 0.129518 3.08246 -3.09395 -3.26723 14.9376 85.9272 35 0.167799 3.09071 -3.10496 -5.35206 6.70259 32.8525 35 0.170602 3.11255 -3.12823 -8.19512 6.13475 30.1312 70 0.207452 -1.51294 -3.10936 19.2141 8.18214 40.597 28 0.172166 -1.50616 -3.10851 17.0343 6.11471 28.298 60 0.16517 0.00109092 -3.09276 5.5189 5.02623 22.5182 48 0.166335 -0.00013848 -3.09693 6.54964 6.91455 32.3265 46 0.166335 -0.261802 -3.09693 3.96842 7.92606 40.1558 16 0.129522 0.105023 -3.09394 -7.28695 13.0406 74.3379 6 0.170568 2.21842 -3.12785 -22.9441 7.24886 40.8502,11,18,9,9,2,0.45
1710,ID_15d70f50c,66 0.23446 0.0906551 -3.09691 -0.685408 15.7303 79.8608 70 0.175004 0.0428949 -3.05895 -7.99798 5.76296 24.2656 37 0.137181 -0.040575 -3.0809 -6.09017 11.044 56.7865 43 0.151826 0.361771 3.13692 9.62735 13.7988 65.9794 28 0.157018 0.00638392 -3.12721 -6.82853 8.51955 41.9233 46 0.137182 0.0782221 -3.0809 -8.80433 21.8387 117.059 16 0.157018 0.0416147 -3.1272 -12.384 14.4357 78.1416 16 0.157018 0.016873 -3.12721 -15.3988 20.9651 113.755 16 0.23446 0.0838475 -3.09691 -3.27043 16.5023 85.3665 46 0.151825 0.255855 3.13692 13.1614 12.8252 59.2203 16 0.234459 -0.159034 -3.09691 4.94397 19.2298 97.4017 8 0.151857 -3.06802 3.13802 7.76932 6.28305 27.8565,12,17,11,6,1,0.611
2945,ID_1f43393d8,25 0.147448 -3.03992 -3.10147 -24.5799 6.66901 39.0242 40 0.138641 3.10298 -3.13801 -23.8625 7.35657 43.0681 25 0.130835 -3.10282 3.08426 -24.2599 8.28066 49.6583 9 0.18432 -2.09264 -3.08685 -25.9804 11.4356 71.9992 8 0.129883 3.05803 -3.10315 -27.7765 13.627 85.3378 9 0.48485 0.472517 -2.94887 -38.3697 19.7275 128.203 28 0.143956 -3.12626 3.1324 -8.38263 6.1851 32.2827 54 0.127922 3.09611 -3.10988 -16.8758 12.9584 76.5055 27 0.109309 3.11669 -3.11837 -17.1363 19.3825 120.143 60 0.136032 -0.0180762 -3.1059 -2.4543 5.26842 25.8577 8 0.109761 0.218759 -3.12381 12.9934 16.9535 96.3532 70 0.197359 0.00490523 -3.06209 12.6967 11.1926 58.7864 8 0.1776 0.0518188 3.13458 12.7561 10.0532 52.0192 70 0.203707 2.59757 -3.07857 12.1305 8.42482 41.9599 28 0.13257 -0.0183221 -3.11386 12.5206 8.02076 37.813 70 0.171482 -0.0204434 -3.09364 13.6534 7.60871 34.0872 28 0.148866 0.0116396 -3.13936 12.1293 5.85746 24.6864 16 0.16788 0.0387734 -3.06152 12.0846 5.06705 19.2399 76 0.205744 -1.60262 -3.05393 24.9502 7.13392 35.0778 25 0.145839 -1.59479 3.11319 28.8137 8.58626 44.1965 37 0.149892 -1.5455 -3.09243 25.4704 8.95012 46.5803 66 0.110977 -2.42206 3.12109 28.2871 10.7574 57.9432 76 0.250825 -2.52389 -3.10672 26.3617 10.6988 59.2451 6 0.143816 3.09164 -3.08987 -22.2698 5.26637 30.209 46 0.130837 3.07516 3.08426 -28.1315 10.7045 64.0926 46 0.130835 3.1306 3.08426 -30.3163 12.359 74.5833 46 0.109308 -1.64418 -3.11837 -17.8025 19.4944 120.085 16 0.109312 3.13967 -3.11837 -11.7018 18.2005 113.529 46 0.109305 3.07143 -3.11837 -10.9143 21.9654 135.466 46 0.109307 -0.302215 -3.11837 -1.42101 23.8976 145.95 70 0.109794 0.0521005 -3.12401 12.8887 18.3668 106.279 46 0.10976 0.64662 -3.1238 12.6018 14.8529 81.9743 46 0.10976 0.0625754 -3.1238 15.2304 14.5586 78.38 16 0.205743 -1.58501 -3.05393 24.2647 6.7668 31.8736 46 0.110983 2.72865 3.12109 38.3894 15.3097 81.0551 46 0.250819 -1.81601 -3.10671 31.2217 13.8385 76.9825 20 0.203647 -2.22092 -2.99011 29.7113 13.8108 77.5427 16 0.132571 0.524778 -3.11386 14.6777 8.478 46.7857,38,20,17,3,21,0.415
1626,ID_2dbb899f6,40 0.14144 0.0464636 -3.0959 3.62634 3.1714 9.32662 25 0.146151 -3.10784 -3.13675 -9.32578 3.59754 16.4621 37 0.151998 0.162168 -3.11323 8.64789 17.0565 96.0783 16 0.151998 0.0164397 -3.11322 -2.88456 12.4344 72.5917 46 0.151998 -0.255389 -3.11322 -0.406281 18.3325 109.086 16 0.151998 0.0556693 -3.11323 1.35467 22.691 136.892 16 0.151998 0.0253683 -3.11322 4.34274 25.4486 153.566,7,9,5,4,2,0.455
3723,ID_0f8e72a41,28 0.14636 -0.0136724 -3.07752 -2.49242 3.52015 13.8835 25 0.187181 1.65118 -3.11976 15.2101 6.3175 28.0347 46 0.146359 0.0806854 -3.07751 0.00400723 5.9101 28.8044 46 0.146359 0.155165 -3.07752 -4.68688 11.0082 62.7803 16 0.146359 -0.00294123 -3.07751 -1.6592 12.5067 71.4345 16 0.187184 1.47194 -3.11975 14.4057 6.1199 27.8473 16 0.187187 1.74061 -3.11976 13.9447 6.4962 30.0871 7 0.183651 1.31397 -3.09914 14.1766 7.51821 36.4556 6 0.183234 1.78026 -3.09735 14.4191 9.00027 44.5616,9,13,6,7,3,0.375
155,ID_7e4d94572,70 0.184531 0.0237748 -3.06745 13.8769 9.74461 44.2311 37 0.165649 0.0442324 -3.08116 11.4637 9.24808 43.16 70 0.167093 0.000273664 -3.08508 12.8798 11.5515 55.2173 9 0.184397 0.108712 -3.06887 15.2989 15.0578 73.671 40 0.152969 0.0433528 -3.11621 11.4898 13.8172 69.3535 66 0.15055 0.0182847 -3.11387 2.23269 7.41862 34.072 51 0.124118 3.13332 -3.13273 -14.4459 14.8327 81.5538 16 0.142701 0.0237756 -3.08567 -3.19046 3.3889 13.1861 66 0.16894 0.00883323 -3.07208 2.66589 3.68398 12.1552 23 0.185796 -3.07893 -3.13172 -27.2196 8.66199 47.5757 71 0.181231 0.0313208 -3.05965 13.9202 7.78777 32.2217 60 0.180652 0.0774989 -3.05837 13.4704 8.29581 37.1441 16 0.184397 -0.0245176 -3.06886 10.6224 11.3182 55.7591 16 0.152969 -0.0246372 -3.11622 10.1371 12.904 65.5502 2 0.152969 0.0613331 -3.11621 11.2225 15.2539 78.7411 16 0.152969 0.0632802 -3.11621 9.59925 14.9382 77.6685 2 0.152969 -0.263798 -3.11621 13.9969 25.1102 134.069 46 0.150551 -0.115789 -3.11388 1.76329 14.4358 77.0404 16 0.15055 0.0178232 -3.11387 -0.668149 12.5327 65.5785 16 0.185797 -3.03251 -3.13172 -23.3549 6.40308 33.9671 2 0.185801 0.45844 -3.13172 -45.9005 10.6768 65.7462,21,20,16,4,5,0.64
1890,ID_8e53b08e8,28 0.11392 -0.0352414 -3.08266 -2.88163 5.91849 27.1225 28 0.166715 0.0381617 -3.1048 -18.5587 5.59608 31.3245 40 0.0413492 -0.0334223 -3.08018 -21.5549 5.43889 33.505 28 0.115942 -0.0106177 -3.10725 -10.798 6.79167 37.6932 40 0.13742 0.0252872 -3.10649 -22.7834 13.2492 84.3685 70 0.130769 -0.00140947 -3.07629 -18.8902 17.5819 109.787 16 0.125514 0.0209656 -3.08232 0.670611 8.98329 44.862 66 0.153162 -0.0310505 -3.09966 -3.06566 12.1566 62.6043 46 0.125513 0.0861257 -3.08233 3.22564 2.79667 7.22522 16 0.115942 -0.0271902 -3.10724 -14.6929 8.07086 46.7775 2 0.13742 -0.0228482 -3.10649 -19.8026 13.3106 85.1009 2 0.130769 0.0715467 -3.07629 -26.0665 19.4404 129.131,12,12,7,5,5,0.412
253,ID_6c9d37ccd,71 0.134376 -3.04313 3.11985 -9.47238 3.95382 17.7935 27 0.169727 -3.11823 -3.1025 -9.41668 6.71666 36.4382 43 0.108971 -3.11368 -3.11226 -7.50573 7.99525 42.0522 47 0.110951 -3.0701 -3.07591 -4.0326 8.26066 43.2292 50 0.186241 0.0533833 -3.04787 4.72259 6.17593 27.2343 16 0.151398 0.0426647 -3.05593 4.16935 4.2536 16.9199 16 0.157667 0.0119215 -3.06747 4.25369 3.2998 11.1597 46 0.134379 3.11609 3.11985 -9.69701 3.09022 11.6614 16 0.169725 -3.11771 -3.1025 -9.35188 6.14245 31.6965 46 0.169721 -3.13755 -3.1025 -12.2755 10.8637 59.5391 16 0.110954 -0.0129725 -3.07591 0.656559 16.2937 93.9727 2 0.110954 0.139926 -3.07591 4.55552 9.41187 47.7967 2 0.110953 0.0633965 -3.07591 4.7525 8.17671 40.0561 2 0.110954 0.0234383 -3.07592 4.28889 6.20825 29.8831 16 0.157668 0.0359724 -3.06747 4.76156 2.63141 5.99807,15,17,11,6,4,0.524
1036,ID_5794557cb,50 0.198416 -0.117476 -3.08915 -4.97112 8.28989 43.021 16 0.198416 -0.0114538 -3.08915 -17.2338 15.9471 98.4053 46 0.198417 -0.428764 -3.08915 -7.501 20.3782 120.938 46 0.198417 0.0497554 -3.08916 -6.4176 28.0784 170.31 16 0.198417 0.0365695 -3.08915 -4.08908 12.3694 71.3841 16 0.198417 0.020899 -3.08915 -1.22182 8.94371 49.8025,6,10,6,4,0,0.6
3491,ID_bb2dbc494,66 0.0939594 3.09237 -3.12021 -4.24544 10.1938 58.8818 46 0.0939594 3.07252 -3.12021 -4.04833 2.74595 6.91762 6 0.0932826 3.08288 -3.11742 -8.15353 3.27717 12.9257 2 0.0939605 -0.017411 -3.12022 -0.201636 9.19048 52.9167 16 0.0939606 -0.11516 -3.12022 5.78108 4.80773 20.0108 16 0.0939606 -0.0175193 -3.12022 4.08743 11.6308 67.8593 16 0.0939606 -0.106811 -3.12021 3.90804 12.6331 75.601 16 0.0939606 0.152749 -3.12021 -0.0629147 11.4252 69.2882 16 0.0939606 0.0237572 -3.12021 5.51632 2.72803 7.09368,9,20,8,12,1,0.381
3294,ID_a9d41ad24,70 0.177236 0.0105801 -3.10617 -7.75387 6.05849 28.7253 28 0.150437 -0.0567831 -3.0715 -7.18332 8.46655 44.7888 28 0.155747 -0.0174963 -3.11825 -13.1911 11.6709 65.6703 40 0.171401 0.190931 -3.07314 10.386 5.99429 24.5352 31 0.174105 0.161366 -3.04277 8.49282 7.93847 36.1137 16 0.150437 0.11562 -3.0715 -5.96669 10.1028 54.7261 46 0.150437 0.175308 -3.0715 -10.243 20.8608 117.567 16 0.150436 -0.0171021 -3.0715 -9.2253 24.2405 135.918 16 0.150437 0.134582 -3.0715 -4.54666 14.9237 82.298 16 0.150437 0.0469075 -3.07151 -1.62953 11.8778 64.1996 16 0.150437 -0.147896 -3.07151 4.93747 15.3275 81.2338 16 0.171401 0.0182268 -3.07314 7.33551 3.47978 11.8534,12,14,10,4,2,0.625
4150,ID_0f128c40b,8 0.054541 -1.82853 -3.07291 12.5639 6.55159 32.8821 28 0.163161 -0.072258 -3.08698 0.336048 13.0214 71.1948 46 0.159044 -3.1225 3.03102 -12.5523 15.6179 85.9798 14 0.132074 3.06449 3.10474 -10.0037 9.6621 54.5277 35 0.166019 -3.12129 -3.12995 -4.32264 4.08536 16.7803 8 0.13073 -3.1192 -3.12516 -9.49039 5.61649 27.5697 31 0.143282 3.11485 3.13163 -9.81545 4.87272 22.0907 8 0.184639 -3.10941 3.11905 -9.46672 3.74721 16.2899 2 0.0545402 -2.45989 -3.07291 13.2824 4.67804 18.614 16 0.0545432 -1.69577 -3.07291 13.4118 6.22699 28.3363 16 0.163161 0.0227256 -3.08698 -0.592227 5.08189 24.5772,11,20,10,10,1,0.476
